0.999760091304779
0.9999605417251587
0.999967098236084
0.995978593826294
0.9843616485595703
0.999874472618103
0.08877221494913101
0.010771643370389938
0.9305806756019592
0.9923272728919983
0.9998282194137573
0.9969925880432129
0.9999840259552002
0.9999390840530396
0.9999371767044067
0.999964714050293
0.9992086291313171
0.999760091304779
0.996432900428772
0.9998903274536133
3.6273443129175575e-06
0.0013483044458553195
0.999983549118042
0.9999927282333374
0.9945278763771057
0.9986017346382141
0.9999808073043823
0.999956488609314
0.9999690055847168
0.985527515411377
0.9999616146087646
0.9995284080505371
0.9995543360710144
0.9999700784683228
0.9884186387062073
0.009797735139727592
0.0001977874053409323
0.9824342131614685
0.9800974726676941
0.999962329864502
0.5705522894859314
0.9998953342437744
0.0070943450555205345
0.6204258799552917
7.824016392987687e-06
0.9998927116394043
0.9991797804832458
0.9999775886535645
0.9999651908874512
0.6672272682189941
0.9997962117195129
0.9997095465660095
0.5575215220451355
1.8917766283266246e-05
0.9999860525131226
0.9999690055847168
0.9987646341323853
0.999889612197876
0.07678666710853577
0.9999709129333496
0.9999922513961792
0.9974621534347534
0.9965038299560547
0.9998965263366699
0.9996713399887085
0.8986964821815491
0.9993641972541809
0.9997001886367798
0.9967825412750244
0.9739739894866943
0.9999232292175293
0.9981247782707214
0.9874481558799744
0.9999749660491943
0.9999747276306152
0.9798913598060608
0.9999866485595703
0.9999322891235352
0.00012253207387402654
0.9992989301681519
0.999640703201294
0.991603434085846
0.9999797344207764
0.9999059438705444
0.9998853206634521
0.9995744824409485
0.9999772310256958
7.177713541750563e-06
0.994408130645752
0.96562260389328
0.9999470710754395
0.9159746170043945
0.8560696840286255
0.9997716546058655
0.037219952791929245
0.0006715193740092218
0.9991979002952576
0.00012092859105905518
0.9999394416809082
0.0006371475174091756
0.9995436072349548
0.99998939037323
0.9999074935913086
0.999929666519165
0.004453642759472132
0.9554244875907898
0.9997541308403015
0.9999915361404419
0.7152352929115295
0.9999712705612183
0.9999651908874512
0.9999877214431763
0.00024252124421764165
0.9999330043792725
0.9998028874397278
0.9999071359634399
0.9991623163223267
0.9221075773239136
0.9998292922973633
0.9988753199577332
0.9919695258140564
0.3416914641857147
0.9354965686798096
0.9999699592590332
0.9999115467071533
0.690268874168396
0.9995644688606262
0.9998179078102112
0.9999393224716187
0.9995521903038025
0.9960265159606934
0.9940020442008972
0.9972493052482605
0.9254642724990845
0.9999703168869019
0.9998874664306641
5.348656486603431e-07
0.9970543384552002
0.9999376535415649
0.9994934797286987
0.9999101161956787
0.9997772574424744
0.9998233914375305
0.999099612236023
0.999992847442627
0.8739998936653137
0.9994128942489624
0.9986286163330078
0.082224041223526
0.9993932247161865
0.9997981190681458
0.9999563694000244
0.9999741315841675
0.00176646385807544
0.9779530167579651
0.9999556541442871
0.999860405921936
0.9985344409942627
0.9999897480010986
0.9987432360649109
0.9642435908317566
0.9998908042907715
0.9996309280395508
0.999494194984436
0.9999852180480957
0.9996440410614014
0.9996209144592285
0.9955354928970337
0.9999784231185913
0.9982591271400452
0.9999516010284424
0.9907099008560181
0.9999223947525024
0.9999496936798096
0.9999326467514038
0.9980454444885254
0.0005430644960142672
0.9999115467071533
0.9999798536300659
0.06221327930688858
0.25547924637794495
0.0004007892857771367
0.9960401058197021
0.9997155070304871
0.9999629259109497
0.9999427795410156
0.8910259008407593
0.9999837875366211
0.9526687264442444
0.9998071789741516
0.999971866607666
0.9714028835296631
0.9997192025184631
0.9999103546142578
0.39058640599250793
0.999828577041626
0.999964714050293
1.8535317849455168e-06
0.011976300738751888
0.999110996723175
0.991641640663147
0.007233229465782642
0.9998995065689087
0.971042811870575
0.9998595714569092
0.9910887479782104
0.9999872446060181
0.9712896347045898
0.9998760223388672
0.999968409538269
0.8100615739822388
0.013276935555040836
0.9997460246086121
0.9999823570251465
0.9991794228553772
0.9947774410247803
0.006095354910939932
0.00021104395273141563
0.14339342713356018
0.00409564608708024
0.9999723434448242
0.9978259205818176
0.9783837199211121
0.9996145963668823
0.9999759197235107
0.9999828338623047
0.9996885061264038
0.9956687688827515
4.9382459110347554e-05
0.9979456067085266
0.9988810420036316
0.6540777683258057
0.8080313205718994
0.9992613196372986
0.9761019945144653
0.37212803959846497
0.9854068756103516
8.345743117388338e-05
0.9987683892250061
0.9993370175361633
0.9998394250869751
0.9998965263366699
0.9999755620956421
0.015103770419955254
0.9999881982803345
0.998388409614563
0.9999786615371704
0.9999902248382568
0.999225378036499
0.9991632699966431
0.35863208770751953
0.9319239258766174
0.00011320910562062636
0.9995492100715637
0.9997672438621521
0.5311621427536011
0.9999891519546509
0.08525021374225616
0.9996046423912048
0.23992380499839783
0.9999563694000244
0.9997414946556091
0.9998158812522888
0.0008457227959297597
0.999964714050293
0.18767930567264557
0.9991569519042969
0.9999810457229614
0.9941535592079163
0.9998074173927307
0.9996412992477417
0.9997033476829529
0.9999933242797852
0.9998880624771118
0.9996397495269775
0.8432400226593018
0.9999852180480957
1.2555258763313759e-05
0.9773176908493042
0.21470917761325836
0.9989703893661499
0.999521017074585
0.999893307685852
0.9973115921020508
0.9296811819076538
0.9994556307792664
0.9998032450675964
7.423099759762408e-06
0.999915599822998
0.9844825863838196
0.9992019534111023
0.6496091485023499
0.9996700286865234
0.9998548030853271
0.9998437166213989
0.9998520612716675
0.9588385224342346
0.2448073923587799
2.6292993425158784e-05
0.99981290102005
0.9999877214431763
0.9874870777130127
0.9999377727508545
0.9999256134033203
0.9999126195907593
0.9925664663314819
0.9999799728393555
0.9999815225601196
0.9999368190765381
0.9974839687347412
0.9999537467956543
0.9998601675033569
0.9991495609283447
0.9999083280563354
0.9999924898147583
0.9998248219490051
0.0015948297223076224
0.9942597150802612
0.9999837875366211
0.9999616146087646
0.01421881653368473
0.9996216297149658
0.9999819993972778
0.07844039797782898
0.9980109333992004
9.483085159445181e-05
0.9975110292434692
0.9316750168800354
0.376174658536911
0.9998478889465332
0.9915777444839478
0.9999946355819702
0.257062166929245
0.999679446220398
0.9978400468826294
0.9999897480010986
0.9999687671661377
0.9999290704727173
0.9998220801353455
9.427930490346625e-05
3.383320290595293e-05
0.9999635219573975
0.9999284744262695
0.9997664093971252
0.98832768201828
0.9996258020401001
0.999969482421875
0.9908918738365173
0.9999330043792725
0.99979168176651
0.9999419450759888
0.9801948070526123
0.9995822310447693
0.9979932308197021
0.9670819640159607
0.000774327723775059
0.9950428009033203
0.9999594688415527
0.9998928308486938
0.030286332592368126
0.000868000730406493
0.893151581287384
0.9993314743041992
0.1583431363105774
0.9999210834503174
0.9998446702957153
0.9959803819656372
0.9999550580978394
0.9999630451202393
0.9999831914901733
0.9982156753540039
0.9999865293502808
0.9995505213737488
3.3444855489506153e-06
0.9995469450950623
0.8807359337806702
0.9996665716171265
0.9999370574951172
0.0003686101990751922
7.573752372991294e-05
0.004107165150344372
0.9997053742408752
0.9996135830879211
0.9999456405639648
0.9999169111251831
0.9998784065246582
0.002371608279645443
0.25390195846557617
0.9999738931655884
0.9998900890350342
0.9981028437614441
0.00014249340165406466
0.9999688863754272
0.9996477365493774
0.9999802112579346
0.9991917014122009
0.9999281167984009
0.9772891998291016
0.9998778104782104
0.9999352693557739
0.999975323677063
0.9999539852142334
0.9983320832252502
0.9999622106552124
0.0021908485796302557
0.0059820362366735935
0.9999792575836182
0.9999452829360962
0.999976396560669
0.9999300241470337
0.9999451637268066
0.9999042749404907
0.9999816417694092
0.9999439716339111
0.9998674392700195
0.997960090637207
0.999880313873291
0.9998167157173157
0.9994258880615234
0.4505126178264618
0.03401454910635948
0.9122599363327026
0.9918361306190491
0.9999886751174927
0.005823392886668444
0.9999784231185913
0.9999959468841553
0.9929935336112976
0.9999806880950928
0.9990148544311523
0.0028968483675271273
0.2188204526901245
0.9999244213104248
0.9999916553497314
0.9999184608459473
0.0007073470042087138
0.9998331069946289
0.999967098236084
0.9999639987945557
0.9987749457359314
0.9915969967842102
0.9999266862869263
0.9997243285179138
0.9747153520584106
0.9997138381004333
0.3748722970485687
0.9997884631156921
0.9998472929000854
0.9682741165161133
0.9999723434448242
0.9997708201408386
0.9999706745147705
0.9997443556785583
0.8384822010993958
0.008519555442035198
0.9999681711196899
0.9988211989402771
0.002651211805641651
0.9998821020126343
0.9998854398727417
0.9999939203262329
0.9999885559082031
0.9998916387557983
0.9986714124679565
0.9997401833534241
0.999976634979248
0.999935507774353
0.4785407781600952
0.9997361302375793
0.9999698400497437
0.9999792575836182
0.9989007711410522
0.0001121776076615788
0.999890923500061
0.9992927312850952
0.9993322491645813
0.9997739195823669
0.9996812343597412
0.5687203407287598
0.9996821880340576
0.9987673759460449
0.9996609687805176
0.9996471405029297
0.9998911619186401
0.003989359363913536
0.999796450138092
0.9999927282333374
0.9999440908432007
0.9998179078102112
0.0038754462730139494
0.9976370334625244
0.9998444318771362
0.9979158043861389
0.9905097484588623
0.9599476456642151
0.998524010181427
0.9999185800552368
0.2951699197292328
0.7912388443946838
0.9986366629600525
0.9999840259552002
0.9998428821563721
0.9997438788414001
0.9955007433891296
0.0001297608105232939
0.9996455907821655
0.9999734163284302
0.9997325539588928
0.9994869232177734
0.9986587762832642
0.9496510624885559
0.9999741315841675
0.9950662851333618
0.9798973202705383
0.9996864795684814
0.9982813596725464
0.9985754489898682
0.9999731779098511
0.9999850988388062
0.999919056892395
0.0015504661714658141
0.9998272061347961
0.999804675579071
0.8804834485054016
0.9983623623847961
0.9998942613601685
0.018357109278440475
0.9807056784629822
0.9924915432929993
0.9997560381889343
0.9981050491333008
0.006789999082684517
0.9998576641082764
0.9999737739562988
0.018279509618878365
0.9991519451141357
0.9999274015426636
0.9964078068733215
0.9121262431144714
0.9998955726623535
0.5197272896766663
0.9995920062065125
0.999670147895813
0.9998477697372437
0.999941349029541
0.9991727471351624
0.9790942072868347
0.24456579983234406
0.999991774559021
0.9798514246940613
3.0083638193900697e-05
0.9996318817138672
0.9996755123138428
0.999934196472168
0.999847412109375
0.9999254941940308
0.9947866201400757
0.9998490810394287
0.9998471736907959
0.9993001222610474
0.999992847442627
1.197381607198622e-06
0.9999566078186035
0.999693751335144
0.9999823570251465
0.9994919300079346
0.9999438524246216
0.9998989105224609
0.9999837875366211
0.9991936087608337
0.9999290704727173
0.9984595775604248
0.9998190999031067
0.0014501617988571525
0.9998713731765747
0.9999812841415405
0.999722421169281
0.9998834133148193
0.9999127388000488
0.9999713897705078
0.9972081780433655
0.9998759031295776
0.9999847412109375
0.006285391747951508
0.9999799728393555
0.9999454021453857
0.9997701048851013
0.9998862743377686
0.9991581439971924
0.9999860525131226
2.6893381800618954e-05
0.9998701810836792
0.9999468326568604
0.9988884329795837
0.9989514350891113
0.9981928467750549
0.9999014139175415
0.9910792708396912
0.9997552037239075
0.11417176574468613
0.9620669484138489
0.9999599456787109
0.999966025352478
0.00020711327670142055
0.9999845027923584
0.9951915740966797
0.026544103398919106
0.9995166063308716
0.9999270439147949
0.9999771118164062
0.9933781027793884
0.9981240630149841
0.9955477714538574
0.9996494054794312
2.03867930395063e-05
0.9997079968452454
0.9866913557052612
0.9998096823692322
0.9994959831237793
0.9998098015785217
0.999666690826416
0.9995154142379761
0.9999656677246094
0.9932885766029358
0.9999880790710449
0.9995697140693665
0.999936580657959
0.9991944432258606
0.9999825954437256
0.997736930847168
0.999748170375824
0.9999661445617676
0.00015281028754543513
0.9347882866859436
0.9646615386009216
0.966996967792511
0.9999839067459106
0.9998480081558228
0.9999616146087646
0.9998785257339478
0.9966447353363037
0.9894676804542542
0.9999357461929321
0.9982125759124756
0.9999798536300659
0.6741524934768677
0.999816358089447
0.0016219110693782568
0.9999734163284302
0.9193261861801147
0.9999464750289917
0.9899577498435974
0.0014281952753663063
0.9978635907173157
0.9998441934585571
0.16795635223388672
0.9997430443763733
0.9999738931655884
0.9999721050262451
0.3271237015724182
0.9996360540390015
0.9999266862869263
0.9998063445091248
0.08420445024967194
0.945715069770813
0.9918084740638733
0.9999744892120361
0.9997838139533997
0.9994787573814392
0.9979641437530518
0.9948225021362305
0.998383641242981
0.0008187738130800426
0.9998921155929565
0.9980297684669495
0.999947190284729
0.9997188448905945
0.9998576641082764
0.9998277425765991
0.45595863461494446
0.9999010562896729
0.9998505115509033
0.9998300075531006
0.9998878240585327
7.367707439698279e-05
0.009984409436583519
0.9998185038566589
0.9991544485092163
0.023774953559041023
0.9992082715034485
0.9988420605659485
0.005544503219425678
0.6968079209327698
0.9989144802093506
0.9568480253219604
0.31598129868507385
0.9999849796295166
0.0033760073129087687
0.999916672706604
0.9720062017440796
0.9994568228721619
0.9999618530273438
0.9999464750289917
0.011135131120681763
0.9998658895492554
0.9997649788856506
0.9776421785354614
0.9999754428863525
0.4423666000366211
0.9999436140060425
0.9997851252555847
0.9999836683273315
0.9997084736824036
0.9941586256027222
0.9995235204696655
0.9994096755981445
0.9994363188743591
0.0002196402638219297
0.9999831914901733
0.993759274482727
0.9919987320899963
0.9999887943267822
0.9997815489768982
0.9979958534240723
0.0007702080765739083
0.2848416566848755
0.9998102784156799
0.24332913756370544
0.9999681711196899
0.9999198913574219
0.9999716281890869
0.0016286774771288037
0.9913681149482727
0.9999717473983765
0.9997804760932922
0.9999734163284302
0.9997701048851013
0.18659591674804688
0.9497082829475403
0.999758780002594
0.9933921694755554
0.999970555305481
0.9999861717224121
0.9999874830245972
0.9998170733451843
0.999890923500061
0.9998904466629028
0.9999086856842041
0.9982855916023254
0.012267964892089367
0.9987185001373291
0.9997746348381042
0.00011120086855953559
0.9999935626983643
0.9990394711494446
0.9996705055236816
0.9999862909317017
0.9998061060905457
0.9999223947525024
0.9960696697235107
0.9989824891090393
0.9998878240585327
1.270485245186137e-05
0.9985951781272888
0.9999749660491943
0.9998008608818054
0.9999243021011353
0.9987468719482422
0.9999645948410034
0.9999065399169922
0.99997878074646
0.9997672438621521
0.9993748068809509
0.9994434714317322
0.9987266659736633
0.9998157620429993
0.9999603033065796
0.00511897960677743
0.999901533126831
0.9928319454193115
0.9999732971191406
0.9998076558113098
0.9994775652885437
0.9999653100967407
0.9999074935913086
0.0010808005463331938
0.9985079169273376
0.8618000149726868
0.9954659938812256
0.997225284576416
0.9999934434890747
0.9079664945602417
0.9999315738677979
0.9991711378097534
0.9960706233978271
0.9998206496238708
0.9990296363830566
0.0002205865748692304
0.8133499026298523
0.9999854564666748
0.6776003837585449
0.9999892711639404
0.9998698234558105
0.9999058246612549
0.99936443567276
9.44603598327376e-05
0.00013128593855071813
0.0038444753736257553
0.9978950023651123
0.9999815225601196
0.9999213218688965
0.9992244243621826
0.999525785446167
0.08384405821561813
0.9924444556236267
0.9999154806137085
0.003636282170191407
0.999715268611908
0.7113909721374512
0.9999114274978638
0.9979662895202637
0.9998138546943665
0.9999876022338867
0.000666813284624368
0.9999784231185913
7.543270476162434e-05
0.9999208450317383
0.9996683597564697
6.68762149871327e-05
0.004831972997635603
0.9685927629470825
0.9998911619186401
0.9999828338623047
0.999560534954071
0.00010637377272360027
0.9998098015785217
0.5781259536743164
0.9997521042823792
0.999950647354126
0.9999892711639404
0.6590654850006104
0.0002113293157890439
0.2558145821094513
0.9999716281890869
0.9999783039093018
0.9999709129333496
0.471183180809021
6.716950338159222e-06
0.9991268515586853
0.9990580677986145
0.9999878406524658
0.9989345669746399
0.3857029676437378
0.39763325452804565
0.9999412298202515
0.9999092817306519
0.998424768447876
0.9999849796295166
0.9999880790710449
0.9999270439147949
0.9992561936378479
0.9998705387115479
0.999968409538269
0.9998434782028198
0.9999005794525146
0.9998231530189514
0.9332161545753479
0.9999518394470215
0.9999662637710571
0.01931137964129448
0.9999022483825684
0.9996680021286011
0.9998284578323364
0.9999933242797852
0.02261265553534031
0.004965617787092924
0.0012178648030385375
3.23953781844466e-06
0.9999494552612305
0.965103030204773
0.9998691082000732
0.9999357461929321
0.2980863153934479
0.9978885054588318
0.014217110350728035
0.9992570281028748
0.9999914169311523
0.9981839060783386
0.8636220693588257
0.9994301199913025
0.9363691210746765
0.9999839067459106
0.9997027516365051
0.9995540976524353
0.9999436140060425
0.9999157190322876
0.9999899864196777
0.5992239713668823
0.6942010521888733
0.9916866421699524
0.9998832941055298
0.0001379871100652963
0.9933930039405823
0.9999067783355713
0.9998164772987366
0.0007414973806589842
0.0454544760286808
0.995851993560791
0.9999696016311646
0.9997085928916931
0.15901945531368256
0.9998995065689087
0.9998278617858887
0.9993739724159241
0.9998101592063904
0.2485010027885437
0.999992847442627
0.9999047517776489
0.9999508857727051
0.6223462820053101
0.0002104407612932846
0.9987408518791199
0.9908576607704163
0.0023082494735717773
0.9999895095825195
0.9999616146087646
0.9997487664222717
0.9995167255401611
0.9999407529830933
0.00019884840003214777
0.9999911785125732
0.9987413287162781
0.988831102848053
0.002196216257289052
0.9997166991233826
0.968635618686676
4.584221824188717e-05
0.9970186948776245
0.9987947940826416
0.9998706579208374
0.9893206357955933
0.9086010456085205
0.9831956028938293
8.016427273105364e-06
0.9999866485595703
0.3971501886844635
0.44029220938682556
0.999699592590332
0.9999890327453613
0.9997382760047913
0.9999932050704956
0.00034157512709498405
0.99994957447052
0.009731732308864594
0.9982395172119141
0.999213457107544
0.7451504468917847
0.9998233914375305
0.0016529803397133946
0.9954924583435059
0.9996812343597412
0.9963545799255371
0.9979515671730042
0.894824743270874
0.899694561958313
0.43843552470207214
0.9998481273651123
0.9993163347244263
0.9999287128448486
0.9953591227531433
0.9991472959518433
0.2083739936351776
0.9998706579208374
8.333679943461902e-06
0.9912163019180298
0.262142539024353
0.9993618130683899
0.9899680614471436
0.9999942779541016
0.9999852180480957
0.9999865293502808
0.9990161657333374
0.9979786276817322
0.6007168889045715
0.9999778270721436
0.9996328353881836
0.9999926090240479
0.999881386756897
0.9994912147521973
0.9999467134475708
0.9999120235443115
0.0006988115492276847
0.9679216146469116
0.8264756202697754
0.019813280552625656
0.9436995983123779
0.9268065094947815
0.9990353584289551
0.9997642636299133
0.0045815338380634785
0.9998931884765625
0.9992735981941223
0.9845461845397949
0.9844626188278198
0.9989909529685974
0.9952918291091919
0.9999932050704956
0.042087849229574203
0.9996874332427979
0.9992258548736572
0.0520419180393219
0.9974097609519958
0.9999101161956787
0.9999691247940063
0.9961434602737427
0.9998830556869507
0.999988317489624
0.9994020462036133
0.9999772310256958
0.9998272061347961
0.0003012650413438678
0.9978093504905701
0.9997900128364563
0.9993419051170349
0.03008427657186985
0.9947687387466431
0.8837738037109375
0.9999808073043823
0.9998218417167664
1.8578339222585782e-05
0.8020001649856567
0.001828760956414044
0.00020225609478075057
0.016714073717594147
0.043558962643146515
0.9967419505119324
0.9999042749404907
0.9985656142234802
0.27015480399131775
0.9353451132774353
0.1040731891989708
0.8419386148452759
0.9880200028419495
0.9984158277511597
0.9997513890266418
0.9989141225814819
0.9998581409454346
0.999870777130127
0.9998412132263184
0.0005425915587693453
0.00017409138672519475
0.9999898672103882
0.9999918937683105
0.9999879598617554
0.999990701675415
0.0006346835289150476
0.9979744553565979
0.9986312985420227
0.9999610185623169
0.9999589920043945
0.99962317943573
0.999985933303833
0.997022807598114
0.9999631643295288
0.999951958656311
0.000990532455034554
0.03668120875954628
0.9994262456893921
1.5661387806176208e-05
0.9999783039093018
0.0010200696997344494
0.9999834299087524
0.9994352459907532
0.9663307666778564
0.11247535049915314
0.9997499585151672
0.2544794976711273
1.955732295755297e-05
0.9996123909950256
0.040099840611219406
0.0012021877337247133
0.9999860525131226
0.0010170412715524435
0.5711251497268677
0.0018839496187865734
0.9999507665634155
0.5177831649780273
0.9999760389328003
0.9999372959136963
0.9997277855873108
0.9999712705612183
0.9999839067459106
0.22645393013954163
0.7545790672302246
0.9998296499252319
0.9697355031967163
0.9999366998672485
0.9998325109481812
0.999975323677063
0.9994267225265503
0.99998939037323
0.9894969463348389
0.9996240139007568
0.0049947211518883705
0.09321355074644089
0.9999758005142212
0.0007529411814175546
0.9833711385726929
0.9997268319129944
0.4490383267402649
0.390815407037735
0.7963669896125793
1.3127596503181849e-05
0.0035750039387494326
0.9999123811721802
0.9998828172683716
0.9999469518661499
0.8447267413139343
0.999616265296936
1.2790438631782308e-05
0.00045841647079214454
0.9997352957725525
0.9999532699584961
0.9985985159873962
0.7877292633056641
0.9999717473983765
0.9999639987945557
0.0003781514533329755
0.8625012636184692
0.9999635219573975
0.9995301961898804
0.999548614025116
0.9998832941055298
0.5990943908691406
0.9999853372573853
0.9998032450675964
0.9999814033508301
0.9997343420982361
0.9999662637710571
0.9999638795852661
0.999950647354126
0.9799177050590515
0.41609424352645874
0.9988353848457336
0.9409712553024292
0.9647625088691711
0.9998736381530762
0.9999902248382568
0.9993403553962708
0.9999783039093018
0.022378092631697655
0.9995260238647461
0.20889128744602203
0.9995993971824646
0.9986369013786316
0.8034017086029053
0.9999756813049316
0.9980814456939697
0.8566820025444031
0.2120283544063568
0.0012832162901759148
0.9921417236328125
0.99946528673172
0.0013524711830541492
0.9998970031738281
0.0007357484428212047
0.9998912811279297
0.9997482895851135
0.9999390840530396
0.029965346679091454
0.9998466968536377
0.7577110528945923
0.9993909597396851
0.9994377493858337
0.9985682964324951
0.9998202919960022
0.9991675615310669
0.9999362230300903
0.9995618462562561
0.9999737739562988
0.9930665493011475
0.9995778203010559
0.7709034085273743
0.9998579025268555
0.9999639987945557
0.9999599456787109
0.3065060079097748
0.9636635184288025
0.9994480013847351
0.003031158586964011
0.01662524975836277
0.9999494552612305
0.9999421834945679
0.9857897162437439
0.9999676942825317
0.9999333620071411
1.968948026842554e-06
0.9999722242355347
6.19879847363336e-06
0.999995231628418
0.0002709566324483603
1.3840010979038198e-05
0.9998914003372192
0.9997617602348328
0.9999380111694336
0.9988947510719299
0.0016753425588831306
0.9992840886116028
0.9997789263725281
0.9645193219184875
0.9999780654907227
0.0008525316370651126
0.9987189769744873
0.9993172883987427
0.999850869178772
5.797771791549167e-06
0.9999856948852539
0.9383823275566101
0.9993164539337158
0.9999833106994629
0.9836004376411438
0.9964119791984558
0.9998252987861633
0.9990518689155579
0.999953031539917
0.999763548374176
0.9999450445175171
0.999884843826294
0.8449361324310303
0.9995786547660828
0.4152447581291199
0.9975757002830505
0.9999873638153076
0.9999018907546997
0.9996874332427979
0.999618649482727
0.9999872446060181
0.999881386756897
0.9992608428001404
0.9989853501319885
0.9999620914459229
0.9851223230361938
0.9961411356925964
0.00023683907056692988
0.9999700784683228
0.9999710321426392
0.9995154142379761
0.9997594952583313
3.3883934520417824e-05
0.9998599290847778
0.9999715089797974
0.9999526739120483
0.999967098236084
0.9995102882385254
0.9998682737350464
0.9997761845588684
0.9973874688148499
0.9999656677246094
0.9901200532913208
0.9953294992446899
0.5056771039962769
6.585755181731656e-05
0.9998089671134949
0.9989783763885498
0.9999319314956665
0.9987748265266418
0.9585229754447937
0.9730777144432068
0.9998632669448853
0.999937891960144
0.9999892711639404
0.007112122140824795
0.9993492960929871
0.8305440545082092
0.1131206601858139
0.9928612112998962
0.0003422195150051266
0.9984540939331055
0.9999818801879883
0.9998902082443237
0.9998838901519775
0.8709886074066162
0.9997393488883972
0.9999897480010986
0.9999827146530151
0.9996880292892456
0.9999525547027588
0.999168872833252
0.00037988615804351866
0.999964714050293
0.5840039253234863
0.9277283549308777
0.9999473094940186
0.9999819993972778
0.9998641014099121
0.9979040622711182
0.02588307484984398
0.999984860420227
0.9996535778045654
0.999985933303833
0.9999045133590698
0.9998881816864014
0.9972301125526428
0.9999468326568604
0.9999023675918579
0.10426260530948639
0.9990136623382568
0.999992847442627
0.4986231327056885
0.9999470710754395
0.9967729449272156
0.9974886178970337
0.999884843826294
0.9997027516365051
0.0017501618713140488
0.9998923540115356
0.0006363191641867161
0.9988855719566345
0.017819251865148544
0.9182165861129761
0.8989869356155396
0.9999349117279053
0.999992847442627
0.9939107894897461
2.480896682754974e-06
0.7788521647453308
0.9999867677688599
0.9993830919265747
0.9959903359413147
0.06793063133955002
0.8387945294380188
0.9032920002937317
0.9999498128890991
0.9364341497421265
0.9998444318771362
0.9997202754020691
0.9998432397842407
0.9995064735412598
0.9999500513076782
0.25657206773757935
0.9996026158332825
0.0016077497275546193
0.9992984533309937
0.9999631643295288
0.9999121427536011
0.8483029007911682
0.9999322891235352
0.733828604221344
0.9999439716339111
0.9999891519546509
0.9996241331100464
0.04997020214796066
0.9998950958251953
0.9969912767410278
0.9991210103034973
0.16785845160484314
0.9981815814971924
0.9996304512023926
6.628510618611472e-06
0.9768236875534058
0.9956348538398743
0.999366819858551
0.9990660548210144
0.998939573764801
0.4948263466358185
0.9994590878486633
0.9997865557670593
0.8984853625297546
0.99980229139328
0.9993784427642822
0.004027421120554209
0.9997417330741882
0.8883829712867737
0.999964714050293
0.9889473915100098
0.999836802482605
0.999980092048645
0.9999537467956543
0.9994592070579529
0.9999072551727295
0.9997201561927795
0.9999881982803345
0.9999510049819946
0.9996331930160522
0.9946775436401367
0.9994314312934875
4.869741587754106e-06
0.9999281167984009
0.9998133778572083
0.9690760374069214
0.996641993522644
0.9993999004364014
0.9999756813049316
0.999987006187439
0.9992538094520569
0.9999048709869385
0.9999833106994629
0.9999836683273315
0.9999233484268188
0.9986782670021057
0.058306749910116196
0.9866245985031128
0.00038007760304026306
0.9984069466590881
0.9999439716339111
0.7434068918228149
0.9997343420982361
0.9883942604064941
0.9147174954414368
0.9999288320541382
0.6747981905937195
0.5913082957267761
0.03616348281502724
0.9975607395172119
0.00021062642917968333
0.999872088432312
0.9998708963394165
0.9968733191490173
0.9997733235359192
0.9999676942825317
0.9998679161071777
0.999931812286377
0.9999804496765137
0.9993035793304443
0.983798623085022
0.0016215350478887558
0.9997925162315369
0.999994158744812
0.9977815747261047
0.9999005794525146
0.9992103576660156
0.026979099959135056
0.9945722222328186
0.9978420734405518
0.6577208638191223
0.9999529123306274
0.9998584985733032
0.04388844594359398
0.9999021291732788
0.9675389528274536
0.9999653100967407
0.9993882179260254
0.9983693957328796
0.9999703168869019
0.0008827362908050418
0.9999164342880249
0.9999933242797852
0.9966902732849121
0.9953272342681885
0.9502454400062561
0.32090994715690613
0.9998248219490051
0.0008235716377384961
0.9989244341850281
0.0002599596045911312
0.9997137188911438
0.42854514718055725
0.8477322459220886
0.1972338855266571
0.9991133809089661
0.999916672706604
0.9999786615371704
0.7400203943252563
0.9999072551727295
0.0001267050247406587
0.00013388210209086537
0.9998175501823425
0.9764897227287292
0.9992951154708862
0.9999430179595947
0.9979041814804077
0.9999943971633911
0.14673025906085968
0.999930739402771
0.9990038275718689
0.9999713897705078
0.9999551773071289
0.9996808767318726
0.9995442032814026
0.9998841285705566
0.9995617270469666
0.9999780654907227
0.9990113973617554
0.9997778534889221
0.9999459981918335
0.9999585151672363
0.9994938373565674
0.9358003735542297
0.9995430707931519
0.623303234577179
0.9999831914901733
0.9916170239448547
0.06169583648443222
0.7838597297668457
0.8649992346763611
0.9951434135437012
0.9212889671325684
0.9995916485786438
0.1040678471326828
0.9819555878639221
0.9996652603149414
0.19501344859600067
0.9820201992988586
0.9998838901519775
0.999428927898407
0.9999810457229614
0.99998939037323
0.02224147506058216
0.9998986721038818
0.9998971223831177
0.9997971653938293
0.9999872446060181
0.9580909013748169
0.9998701810836792
0.1342715471982956
0.9998034834861755
0.9998785257339478
0.9993489384651184
0.9955405592918396
0.8254058361053467
0.23953819274902344
0.9999725818634033
0.015448946505784988
0.995445728302002
0.9962131977081299
0.9998867511749268
0.9995535016059875
0.00013951827713754028
0.9999316930770874
0.9998190999031067
0.9680113196372986
0.999566376209259
0.9998475313186646
0.9998020529747009
0.9999836683273315
0.9934719800949097
0.9813512563705444
0.9998194575309753
0.9999799728393555
0.999852180480957
0.8804255127906799
0.9999290704727173
0.9999749660491943
0.9321964979171753
0.9999840259552002
0.999969482421875
0.9743303060531616
0.9970462918281555
0.9999661445617676
0.9999767541885376
0.9999853372573853
0.9934636950492859
0.9999483823776245
0.9999018907546997
0.9988580942153931
0.9960427284240723
0.002160061616450548
0.9989635944366455
0.9998464584350586
0.9857349991798401
0.9998138546943665
0.9956607222557068
0.999969482421875
0.9999374151229858
0.8494787812232971
0.9899134635925293
0.9993988275527954
0.9999691247940063
0.9959385395050049
0.9999743700027466
0.001994192600250244
0.9999867677688599
0.9975454211235046
0.9993693232536316
0.5728740096092224
0.9999741315841675
0.9999711513519287
0.9999864101409912
0.9997531771659851
0.9763721823692322
0.9998082518577576
0.17548350989818573
0.9999275207519531
0.9999808073043823
0.06101923808455467
0.9999922513961792
0.01598535291850567
0.9998143315315247
0.9914103150367737
0.9999480247497559
0.9998608827590942
0.9999884366989136
0.1934003084897995
0.9997726082801819
0.9996762275695801
0.9895167946815491
0.9998492002487183
0.9997373223304749
0.012859025970101357
0.04635811224579811
0.9996441602706909
0.9999639987945557
0.9999628067016602
0.9994646906852722
0.9997733235359192
0.9999666213989258
0.9996637105941772
0.9999094009399414
0.9995465874671936
0.9999402761459351
0.9999706745147705
0.0006597428000532091
0.9999638795852661
0.999890923500061
0.9997407793998718
0.9992249011993408
0.9907864928245544
0.999755322933197
0.9999853372573853
0.971888542175293
0.9998817443847656
0.9999878406524658
0.999672532081604
0.0012083343463018537
0.998369038105011
0.999974250793457
0.9999644756317139
0.959304690361023
0.00026337490999139845
0.8491320013999939
0.9986475110054016
0.9999855756759644
0.41628220677375793
0.9999179840087891
0.9962448477745056
0.31658700108528137
0.9832271337509155
0.9999755620956421
0.9996447563171387
0.6342308521270752
0.9951186180114746
0.0001579821400810033
0.9937151074409485
0.9999823570251465
0.9998106360435486
0.9999325275421143
0.820787250995636
0.9987050294876099
0.9998691082000732
0.9981464147567749
0.9382855892181396
0.9926515221595764
0.9989141225814819
0.0422394759953022
0.999313473701477
0.9999451637268066
0.9980165958404541
0.9998807907104492
0.9999576807022095
0.9997835755348206
0.9995346069335938
0.9899896383285522
1.9088443877990358e-05
0.9538299441337585
0.9999524354934692
0.9994107484817505
0.999975323677063
0.9556689858436584
0.05655065178871155
0.9999736547470093
0.9999685287475586
0.9990750551223755
0.9998424053192139
0.001403575879521668
0.7687394022941589
0.9999861717224121
0.9996826648712158
0.049735795706510544
0.9751679301261902
0.2791319787502289
0.9999538660049438
0.8877882361412048
0.0019495757296681404
0.9973135590553284
9.514054909232073e-06
0.999993085861206
0.999797523021698
0.9999021291732788
0.9919261336326599
0.01351099368184805
0.9876126646995544
0.9988067150115967
0.9999837875366211
0.9861761927604675
0.8997418284416199
0.9998519420623779
0.997088611125946
0.9898814558982849
0.999077320098877
0.987312376499176
0.9999945163726807
0.0007624010904692113
0.9670467972755432
0.9998984336853027
0.9466328620910645
1.429287522114464e-06
0.9998786449432373
0.9998564720153809
0.8501406311988831
0.9999618530273438
0.9206749200820923
0.9998003840446472
0.9385468363761902
0.9999819993972778
0.999920129776001
0.26475778222084045
0.00022492792049888521
0.9999088048934937
0.9998468160629272
0.9996335506439209
0.9992990493774414
0.9950435161590576
0.9999663829803467
0.9996044039726257
0.9994620680809021
0.9996175765991211
0.9999854564666748
0.9992650151252747
0.9999358654022217
0.9358276128768921
0.9980053305625916
0.9977622032165527
0.999956488609314
0.9999817609786987
0.9998764991760254
0.9999532699584961
0.999990701675415
0.999976396560669
0.984767496585846
1.1991734254479525e-06
0.9999853372573853
0.9944629073143005
0.9964830875396729
0.9915981292724609
0.9999719858169556
0.0005021098186261952
0.9980119466781616
0.9998534917831421
0.9998772144317627
0.960316002368927
0.9965819716453552
0.9999278783798218
0.9993703961372375
0.7963855862617493
0.9999732971191406
0.9873914122581482
0.9998559951782227
0.9998714923858643
0.9994751811027527
0.8069947361946106
0.9980888962745667
0.9743898510932922
0.9999576807022095
0.9999570846557617
0.9999574422836304
0.9999759197235107
0.0033075727988034487
0.015218176878988743
0.010479280725121498
0.003041332121938467
0.9999606609344482
0.9987371563911438
0.03208867833018303
0.9999924898147583
9.46280561038293e-05
0.9995759129524231
0.9999853372573853
0.9998200535774231
0.9981781244277954
0.9992008805274963
0.9999737739562988
0.9984592199325562
0.9986194372177124
0.9999717473983765
0.9998989105224609
0.9999836683273315
0.9999169111251831
0.9995912909507751
0.9999421834945679
0.9999828338623047
0.9998548030853271
0.9999325275421143
0.9998689889907837
0.5189594626426697
0.999800980091095
0.9999903440475464
0.9999768733978271
0.9998112320899963
0.9998483657836914
0.9982843995094299
0.06504066288471222
0.9997624754905701
0.9998219609260559
0.9952170848846436
0.9687171578407288
0.637570321559906
0.9848501682281494
0.9999016523361206
0.9822691679000854
0.5525412559509277
2.8909505999763496e-05
0.8675940632820129
0.999984622001648
0.8142829537391663
1.0856698281713761e-05
0.999908447265625
0.9999512434005737
0.9965776801109314
0.9896954298019409
0.9999696016311646
0.9999656677246094
0.08812981098890305
0.9999734163284302
0.02061554789543152
0.9997887015342712
0.9965534210205078
0.9859447479248047
0.9999063014984131
0.9518938064575195
9.657525515649468e-05
0.999750554561615
0.9994944334030151
0.9988502264022827
0.9999418258666992
0.9995335340499878
0.998250424861908
0.9999628067016602
0.997373104095459
0.9993921518325806
0.05284978821873665
0.9999852180480957
6.451761692005675e-06
0.9996614456176758
0.1791689097881317
0.005743380635976791
0.9997223019599915
0.9996609687805176
0.9995474219322205
0.939863920211792
0.9998257756233215
0.9554290771484375
0.9999889135360718
0.9969724416732788
0.0020451457239687443
0.9998877048492432
0.999889612197876
0.9999872446060181
0.9977044463157654
0.0005643333424814045
0.996182382106781
0.0006799815455451608
0.7337989211082458
0.9998818635940552
0.00022527904366143048
3.4248434531036764e-05
0.9995108842849731
0.9999822378158569
0.9999880790710449
0.9999750852584839
0.9773042798042297
0.9999511241912842
0.9901670217514038
0.9998916387557983
0.00028802204178646207
0.9787014722824097
0.9999784231185913
0.999987006187439
0.9988570213317871
0.9999788999557495
0.398984432220459
0.9999771118164062
0.10200709104537964
0.9999691247940063
0.9908137917518616
0.9999536275863647
3.984928480349481e-05
0.9825072884559631
0.9999920129776001
0.15466152131557465
0.9998584985733032
0.9988056421279907
0.9999793767929077
0.999981164932251
0.9650810360908508
0.047159548848867416
0.9926511645317078
0.9999231100082397
0.999976634979248
0.9225263595581055
0.9999679327011108
0.1329697072505951
0.4764065146446228
0.9977148771286011
0.030516117811203003
0.999195396900177
0.9997445940971375
0.00010667037713574246
0.9996521472930908
0.9995899796485901
0.999946117401123
0.9680424928665161
0.9995790123939514
0.9999802112579346
0.9999710321426392
0.9999099969863892
0.999893307685852
0.9999873638153076
0.02092280238866806
0.9960165619850159
0.9983200430870056
0.9998761415481567
0.3263346254825592
0.0003103449707850814
0.9998088479042053
0.9997373223304749
0.9985265731811523
0.9999486207962036
0.9999879598617554
0.9980291724205017
0.9997134804725647
0.9999881982803345
0.9999148845672607
0.9998863935470581
0.9987668991088867
0.10185561329126358
0.9993665814399719
0.987616240978241
0.9998946189880371
0.9995647072792053
0.9999700784683228
0.9919264316558838
0.9998121857643127
0.9999904632568359
0.9988241791725159
0.8068130612373352
0.9975751042366028
0.9999531507492065
0.47301357984542847
0.9999566078186035
0.9999634027481079
0.9999725818634033
0.9975910186767578
0.9999750852584839
0.9999836683273315
0.005769842304289341
0.7823222875595093
0.9994252920150757
0.9999254941940308
0.00015929057553876191
0.9976891279220581
1.6441099432995543e-05
0.9921267032623291
0.9999334812164307
0.9984917640686035
0.00029404263477772474
0.12466570734977722
0.9996225833892822
0.9999613761901855
0.05172991380095482
0.03902862221002579
0.9992367029190063
5.6545530242146924e-05
0.9992896318435669
0.9997692704200745
0.9999815225601196
0.98860102891922
0.9997692704200745
0.7124078273773193
0.9999308586120605
0.9983385801315308
0.9999743700027466
0.009183774702250957
0.9997369647026062
0.9998006224632263
0.09176000207662582
0.0002705297083593905
0.0016224774299189448
0.06788378208875656
0.00017433741595596075
0.004162289202213287
0.9998998641967773
0.9999815225601196
0.9999760389328003
0.9997362494468689
0.9997918009757996
0.021318815648555756
0.9997350573539734
0.9999904632568359
0.9999747276306152
0.9979473948478699
0.9999939203262329
0.999733030796051
0.87616366147995
0.9993950128555298
0.9997828602790833
0.9996237754821777
0.999859094619751
0.6394026875495911
0.9998860359191895
0.9999719858169556
0.9999740123748779
8.421033999184147e-05
0.9998941421508789
0.9999322891235352
0.9892519116401672
0.9984779953956604
0.9999750852584839
0.9995230436325073
0.935462236404419
0.9997444748878479
0.9999381303787231
0.990698516368866
0.7576979398727417
0.9487573504447937
0.9997723698616028
0.9995905756950378
0.9997583031654358
0.9999722242355347
0.9998733997344971
0.9999899864196777
0.6313581466674805
0.9906572103500366
0.9998090863227844
0.9998270869255066
0.9172324538230896
0.9999923706054688
0.00038732713437639177
0.9999556541442871
0.999988317489624
0.05750870332121849
0.9999749660491943
4.40340991190169e-05
0.9997803568840027
0.999915361404419
0.9999291896820068
0.9998579025268555
0.9990212917327881
0.9998161196708679
0.9998875856399536
0.9861052632331848
0.8672366142272949
0.9999667406082153
0.999869704246521
0.9738568067550659
0.9999725818634033
0.9998840093612671
0.9999847412109375
0.9999793767929077
0.0006119608297012746
0.970128059387207
0.999927282333374
0.9998505115509033
0.9998581409454346
0.9996539354324341
0.9999806880950928
0.9995900988578796
0.998080849647522
0.9999918937683105
0.9997269511222839
0.9998819828033447
0.9999923706054688
0.9999897480010986
0.9994261264801025
0.9998520612716675
0.9993860721588135
0.9995742440223694
0.999982476234436
0.9997668862342834
0.6215299963951111
0.004565025679767132
0.9985458850860596
0.004271110985428095
2.0787251742149238e-06
0.9936124682426453
0.9984128475189209
0.9967233538627625
0.9992548823356628
0.6310941576957703
0.9994329810142517
0.9998462200164795
0.0013892216375097632
0.9648382067680359
0.9988266825675964
0.998945415019989
0.9998223185539246
0.99980229139328
0.4071691036224365
0.9796380400657654
0.9966585636138916
0.9999550580978394
0.9997697472572327
0.998658299446106
0.9998270869255066
0.4432225525379181
0.9998618364334106
0.999661922454834
0.997893750667572
0.99997878074646
0.9999939203262329
0.9999282360076904
0.007343945559114218
0.9989376664161682
0.9999829530715942
0.9999556541442871
0.9998233914375305
0.9999910593032837
0.0005137546686455607
0.4372252821922302
0.9997993111610413
0.9999427795410156
0.9992249011993408
0.9998010993003845
1.562255602038931e-05
0.9998481273651123
0.9998424053192139
0.9997324347496033
0.9868056774139404
0.9993785619735718
0.9999864101409912
0.741335928440094
0.0011169267818331718
0.9999817609786987
0.9999158382415771
0.00039924774318933487
0.9993072748184204
0.00024294524337165058
0.9995656609535217
0.9999085664749146
0.000729645078536123
0.9997603297233582
0.9999414682388306
0.9999862909317017
0.49599212408065796
0.9998973608016968
0.46961069107055664
0.9997616410255432
0.9999535083770752
0.9997974038124084
0.0051525249145925045
0.9999793767929077
0.9993457198143005
0.9999918937683105
0.9168165922164917
0.006434129551053047
0.9999457597732544
0.9999942779541016
1.4297973393695429e-05
0.9994620680809021
0.12504366040229797
0.8613983392715454
0.998354971408844
0.9966886639595032
0.9997724890708923
4.378030553198187e-06
0.9997223019599915
0.9998413324356079
0.9993316531181335
0.99915611743927
0.9999401569366455
0.999854326248169
0.9998676776885986
0.9999574422836304
0.9999687671661377
0.27051597833633423
0.012715809047222137
0.9999878406524658
0.000176381814526394
0.9999772310256958
0.9996520280838013
0.9999836683273315
0.9832483530044556
0.9999785423278809
0.9991612434387207
0.37082114815711975
0.999750554561615
0.999966025352478
0.9999051094055176
0.06750479340553284
0.9998904466629028
0.9998863935470581
0.9185844659805298
0.9999582767486572
0.9985976815223694
0.9999676942825317
0.9999692440032959
0.9997400641441345
0.9835595488548279
0.9984885454177856
0.876063346862793
0.9998874664306641
0.9987534284591675
0.9745864868164062
0.009877336211502552
0.9996439218521118
0.999594509601593
0.9962745904922485
0.9996134638786316
0.9987989664077759
0.18051402270793915
0.9995766282081604
0.9747002720832825
0.9995707869529724
0.9992868304252625
0.9999681711196899
0.9999592304229736
0.9994496703147888
0.9314837455749512
0.9998238682746887
0.9996004700660706
0.9998477697372437
0.8832677006721497
0.9989728927612305
0.9998384714126587
0.9968640804290771
0.9955137372016907
0.9999772310256958
0.9999593496322632
6.385202868841588e-05
0.9894222617149353
0.9098725318908691
0.008335912600159645
0.9539003372192383
0.0991106703877449
0.9870928525924683
0.9912490844726562
0.8957093954086304
0.9465643167495728
0.9997875094413757
0.9999688863754272
0.9998646974563599
0.00022317534603644162
0.282693475484848
0.9999643564224243
0.15587982535362244
0.9822788238525391
0.0007314531831070781
0.9999897480010986
0.9643024802207947
0.9997299313545227
0.9994707703590393
0.9997770190238953
0.4812037944793701
1.4128489965514746e-05
0.11338889598846436
0.9999872446060181
0.999963641166687
0.9999902248382568
0.9915308952331543
0.9990721940994263
0.9999397993087769
0.9999479055404663
0.9996143579483032
0.997597873210907
0.9833226799964905
0.9999363422393799
0.9612206220626831
0.9997832179069519
5.813118605146883e-06
0.9870603084564209
0.9999016523361206
0.8916430473327637
0.9998890161514282
0.0003826957254204899
0.9984484910964966
0.9955753087997437
0.9989985823631287
0.9999774694442749
2.725120612012688e-05
0.9999215602874756
0.9961934089660645
0.9999774694442749
0.9988778233528137
0.9996628761291504
0.026950653642416
0.0017140237614512444
0.9999338388442993
0.17833735048770905
0.9998643398284912
0.9999834299087524
0.999963641166687
0.9997257590293884
0.9996627569198608
0.003876147558912635
0.9999279975891113
0.373954713344574
0.6483479142189026
0.9999239444732666
0.9998687505722046
0.999988317489624
0.9999066591262817
0.9814303517341614
0.9999632835388184
0.9985394477844238
0.9997579455375671
0.9964935183525085
0.9999021291732788
0.9984554052352905
0.9999760389328003
0.9999797344207764
0.9999676942825317
0.9985865354537964
0.9931384921073914
0.001262799371033907
0.9988226294517517
0.9999819993972778
0.997489333152771
0.9992565512657166
0.9999873638153076
0.9988541603088379
0.9521990418434143
0.9936239719390869
0.00023492406762670726
0.9990785121917725
0.999990701675415
0.9999039173126221
0.9997441172599792
0.9996069073677063
0.9999123811721802
0.753665030002594
0.999976634979248
0.9945884943008423
0.9999674558639526
0.9999592304229736
0.9785850048065186
0.9996591806411743
0.9616634845733643
0.590908944606781
0.9998531341552734
0.9723223447799683
0.36944881081581116
0.0008272439590655267
0.9997807145118713
0.9996473789215088
0.9997687935829163
0.9999779462814331
0.26243889331817627
0.9914091229438782
0.0016118683852255344
0.9999839067459106
0.9999591112136841
0.9969823956489563
0.9958401918411255
0.9999281167984009
0.9703792333602905
0.9999361038208008
0.9999788999557495
0.999907374382019
0.001157580059953034
0.9999679327011108
0.999868631362915
0.99167799949646
0.2351742535829544
0.9999644756317139
0.9998928308486938
0.9999619722366333
0.3925422132015228
0.7228671908378601
0.9996618032455444
0.999993085861206
0.9750245213508606
0.9998779296875
0.999991774559021
0.9998530149459839
0.9992800354957581
0.9999654293060303
0.999690055847168
0.9999045133590698
0.9995964169502258
0.031578194350004196
0.9999842643737793
0.999699592590332
0.9998835325241089
0.9999847412109375
0.9994844198226929
0.9999791383743286
0.9998250603675842
0.9999862909317017
0.9997487664222717
0.9935123324394226
0.8140140175819397
0.9999181032180786
0.999772846698761
3.0993569453130476e-06
0.9957972764968872
0.9995724558830261
0.9997434020042419
0.9999728202819824
0.9999877214431763
0.9999300241470337
0.9994563460350037
0.9997896552085876
0.999923825263977
0.6434392929077148
0.0007232986972667277
9.93356661638245e-05
0.999976396560669
0.9998290538787842
8.061140397330746e-05
0.9999797344207764
0.9997367262840271
0.012223586440086365
0.0008206719649024308
0.999876856803894
0.9987896084785461
0.9944838881492615
0.9989618062973022
0.9999352693557739
0.9999336004257202
0.04084537923336029
0.9998024106025696
0.9997227787971497
0.9995507597923279
0.9941600561141968
0.017576923593878746
0.9986520409584045
0.9997836947441101
0.9995220899581909
0.9999645948410034
0.9998528957366943
0.9999637603759766
0.006792102474719286
0.9984229803085327
0.9998123049736023
0.999971866607666
0.9999436140060425
0.9993355870246887
0.9998968839645386
0.999984622001648
0.9999862909317017
0.9999806880950928
0.9999619722366333
0.9999551773071289
0.9999464750289917
0.11014198511838913
0.9997215867042542
0.999858021736145
0.9959273934364319
0.9998189806938171
0.9999672174453735
0.9999839067459106
0.9999350309371948
0.9998620748519897
0.9999886751174927
0.9999074935913086
0.9903855323791504
0.999347984790802
0.9990987777709961
0.9995800852775574
0.9986180067062378
0.9570499658584595
0.9887155890464783
0.9999328851699829
0.995254635810852
0.9998672008514404
0.9999741315841675
0.09454834461212158
0.9999856948852539
0.9589272141456604
0.9976189732551575
0.9999452829360962
0.9988930821418762
0.9999902248382568
0.9992413520812988
0.9981963038444519
0.9999644756317139
0.9999678134918213
0.982213020324707
0.9993411898612976
0.9996861219406128
0.9964249730110168
0.999834418296814
0.9996556043624878
0.9997298121452332
0.3352234661579132
0.999981164932251
0.999966025352478
0.9996477365493774
0.9999886751174927
0.9999877214431763
0.9974727034568787
0.9999346733093262
0.005782798398286104
0.0002456531801726669
3.304025449324399e-05
0.9999721050262451
0.9999935626983643
0.9999091625213623
0.21959353983402252
0.9997872710227966
1.5143997416089405e-06
0.9998131394386292
0.9998698234558105
0.999772846698761
0.9994322657585144
0.33228009939193726
0.9999023675918579
0.9996823072433472
0.9988906979560852
0.9934400916099548
0.9990321397781372
0.9626554250717163
0.9999872446060181
0.9982458353042603
0.9998791217803955
0.9832196831703186
0.9788582921028137
0.94795161485672
0.9872798919677734
0.9952830672264099
0.002352415584027767
0.591838002204895
0.000396768213249743
1.3026742635702249e-05
0.9981899857521057
9.750327444635332e-05
0.9999281167984009
0.9999302625656128
0.9887556433677673
0.9999802112579346
0.9990851879119873
0.9998642206192017
0.9992392063140869
0.8575412034988403
0.9998311996459961
0.999910831451416
0.9992419481277466
0.9918165802955627
0.9999533891677856
0.9997054934501648
0.9999737739562988
0.9999903440475464
0.9991818070411682
0.977529764175415
0.9999839067459106
0.9999760389328003
0.005057089496403933
0.9227967262268066
0.999984622001648
0.9999700784683228
0.9982643723487854
0.9999217987060547
0.9997877478599548
0.9997711777687073
0.9999493360519409
0.9999494552612305
0.9999655485153198
0.9999685287475586
0.9999479055404663
0.999866247177124
0.9996036887168884
0.9976562261581421
0.9891064763069153
0.0031315325759351254
0.6430568099021912
0.9998636245727539
0.9991852641105652
0.9980899691581726
0.9999808073043823
0.9979286193847656
0.9999825954437256
0.9999890327453613
0.9999703168869019
0.9999451637268066
0.9999814033508301
0.999931812286377
0.9994532465934753
0.9736671447753906
0.005855531431734562
0.9999269247055054
0.999942421913147
0.9997221827507019
0.9999682903289795
0.9996616840362549
0.9820043444633484
0.9996993541717529
0.00020027875143568963
0.9983968138694763
0.9988560676574707
0.9987626075744629
0.4439680874347687
0.006982943043112755
0.2851857841014862
0.9999842643737793
0.9999418258666992
0.9957758784294128
0.9992018342018127
0.9717683792114258
0.9996877908706665
0.9905104041099548
0.9975671768188477
0.6384637355804443
0.9998894929885864
0.999834418296814
0.9978051781654358
0.999977707862854
0.999893069267273
0.05057930201292038
0.9997377991676331
0.9991614818572998
0.9997288584709167
0.9998743534088135
0.9996415376663208
0.9945794343948364
0.9941733479499817
0.9993906021118164
0.479718416929245
0.999934196472168
0.08010232448577881
0.9999853372573853
1.9896166122634895e-05
0.9996985197067261
0.9999948740005493
0.9991419315338135
0.999945878982544
0.9958399534225464
0.5208030939102173
0.9773855805397034
0.9946371912956238
0.9999475479125977
0.9994794726371765
0.9999724626541138
0.9998477697372437
0.6516791582107544
0.9771984815597534
2.0094025785510894e-06
0.9999805688858032
0.9998382329940796
0.9996784925460815
0.9999884366989136
0.0444660447537899
0.9873055219650269
0.9988604784011841
0.9999279975891113
0.02255048044025898
0.9867780208587646
0.9999872446060181
0.9992882609367371
0.9984886646270752
0.9988443851470947
0.999947190284729
0.9999735355377197
0.9993960857391357
0.9999815225601196
0.9997835755348206
0.9995362758636475
0.8648955225944519
0.999859094619751
0.12257718294858932
0.10181858390569687
0.0006767645245417953
7.158442895160988e-05
0.4276224672794342
0.9999747276306152
0.9999878406524658
0.9998273849487305
0.9817935228347778
0.9999490976333618
0.9998745918273926
0.9996880292892456
0.9991163611412048
0.9788503050804138
0.9999321699142456
0.9992316961288452
0.9999905824661255
0.9999741315841675
0.0003662634117063135
0.9464712738990784
0.9843704104423523
0.999988317489624
0.3280751407146454
0.019846735522150993
0.9999856948852539
2.9285640721354866e-06
0.9996364116668701
0.9993689656257629
0.9948904514312744
0.9999792575836182
0.9827901124954224
0.9991681575775146
0.9985489249229431
0.9996137022972107
0.03821443021297455
0.9996476173400879
0.8359342217445374
9.81609700829722e-05
0.9999488592147827
0.06768579035997391
0.7895774245262146
0.4212760329246521
0.9948404431343079
0.001734755584038794
0.999980092048645
0.9997184872627258
0.9368749856948853
0.9999953508377075
0.9774206280708313
0.999991774559021
0.9993828535079956
0.9995774626731873
0.9989489912986755
0.9475553631782532
0.9969198703765869
0.9999877214431763
0.9940709471702576
0.9997840523719788
0.8016980290412903
0.9987921118736267
0.9997531771659851
0.9999693632125854
0.9994159936904907
0.99997878074646
0.7027781009674072
0.9999415874481201
0.05479664355516434
0.0031605511903762817
0.9999915361404419
0.9594307541847229
0.9999866485595703
0.9955577254295349
0.9994226694107056
0.9999126195907593
0.9997943043708801
0.9999736547470093
0.9995827078819275
0.9998478889465332
0.9999386072158813
0.9999490976333618
0.9999542236328125
0.0006558520253747702
0.9498243927955627
0.9998701810836792
0.0012037772685289383
0.9999103546142578
0.16955816745758057
0.14332738518714905
8.242661715485156e-05
0.9999436140060425
0.9994957447052002
0.9999889135360718
0.9024408459663391
0.9999334812164307
0.9999699592590332
5.480229083332233e-05
0.9975460171699524
0.9110185503959656
0.9998718500137329
0.9990286827087402
0.9993738532066345
0.9999797344207764
0.9996833801269531
0.9997921586036682
0.0003001118020620197
3.7113833968760446e-05
0.9999841451644897
0.7360777258872986
0.9998760223388672
0.9998656511306763
0.9976974129676819
0.9998189806938171
0.4816325306892395
0.999957799911499
0.9999643564224243
0.9997954964637756
0.7947784066200256
0.0060867927968502045
0.9988111257553101
0.0035462318919599056
0.0024372811894863844
0.9999474287033081
0.9996591806411743
0.9981131553649902
0.9978522062301636
0.9992399215698242
0.9999033212661743
0.9997764229774475
0.9871139526367188
0.9999852180480957
0.9996861219406128
0.9961181879043579
0.2870423197746277
0.46490615606307983
0.36442989110946655
0.10120297968387604
0.9998296499252319
0.440390408039093
0.028406567871570587
0.9992951154708862
0.9996011853218079
0.9997560381889343
0.9964344501495361
5.11426014782046e-06
0.9944777488708496
0.9997959733009338
0.9998769760131836
0.06905628740787506
0.999915599822998
0.9999241828918457
0.9999920129776001
0.9998821020126343
0.9996821880340576
0.9996949434280396
4.407916094351094e-07
0.9997696280479431
0.9998829364776611
0.9988940358161926
0.9998520612716675
0.8653436303138733
0.9999948740005493
3.345122968312353e-05
0.9998596906661987
0.0005125768366269767
0.9999566078186035
0.9999374151229858
0.9998575448989868
0.9999940395355225
0.9999868869781494
0.999862551689148
0.9944477081298828
0.999954342842102
0.6171481013298035
0.10411662608385086
0.9987782835960388
0.9993705153465271
0.9997093081474304
0.9998667240142822
0.9995893836021423
0.9999239444732666
0.9999607801437378
0.9974907636642456
0.8740301132202148
0.7195390462875366
0.997452437877655
3.221076258341782e-05
0.9998371601104736
0.9999551773071289
0.9999021291732788
0.9999054670333862
0.999464213848114
1.6115274092953769e-06
0.1599854975938797
6.418333941837773e-05
0.9999521970748901
0.9991377592086792
0.999961256980896
0.9998856782913208
0.010518966242671013
0.08110019564628601
0.9997772574424744
0.999853253364563
0.9999493360519409
0.9998157620429993
0.142195463180542
0.00024921304429881275
0.6383123993873596
0.999975323677063
0.009371782653033733
0.9999853372573853
0.9949108958244324
1.3317814591573551e-05
0.9999247789382935
0.9998379945755005
0.9999170303344727
0.9999853372573853
0.9995470643043518
0.935762345790863
0.9999154806137085
0.9887312054634094
0.9979997277259827
0.8089010715484619
0.07964447140693665
0.6181974411010742
0.9863932728767395
0.999969482421875
0.14244922995567322
0.9999678134918213
0.999772846698761
0.9916919469833374
0.9999446868896484
0.9994609951972961
0.998906135559082
0.9999873638153076
4.509432255872525e-05
0.9999549388885498
0.9998890161514282
0.9963782429695129
0.9999872446060181
0.9998257756233215
0.9946436882019043
0.9999616146087646
0.09998145699501038
0.99982088804245
0.9997798800468445
0.9999223947525024
0.99964439868927
0.9997665286064148
0.999916672706604
0.9999241828918457
0.9999891519546509
0.9997614026069641
0.9999583959579468
0.99979168176651
0.999890923500061
0.9999527931213379
0.9999767541885376
0.9998235106468201
0.8900414705276489
0.9999493360519409
0.9996238946914673
0.9991660118103027
0.9999572038650513
0.9976726174354553
0.9994582533836365
0.0013177419314160943
0.9989461302757263
0.9992953538894653
0.999977707862854
0.05720746889710426
0.9999274015426636
0.999774158000946
0.9997116923332214
0.999738872051239
0.9999037981033325
0.9997586607933044
0.9998534917831421
0.9995195865631104
0.9999167919158936
0.998699426651001
0.9999390840530396
0.8493815660476685
0.006519104354083538
0.9999713897705078
0.9995149374008179
0.9999573230743408
0.9999405145645142
0.9999738931655884
0.14075882732868195
0.9997943043708801
0.9999673366546631
0.9993715882301331
0.9999765157699585
0.9982692003250122
0.7800846695899963
0.9997910857200623
0.999601423740387
2.4406934244325384e-05
0.8478333950042725
0.9998466968536377
0.9999642372131348
0.9543861746788025
0.9999696016311646
0.9999699592590332
0.99994957447052
0.9997376799583435
0.9999440908432007
0.9972962737083435
0.9991023540496826
0.9998231530189514
0.9998019337654114
0.9997288584709167
0.00321711297146976
0.000106273393612355
0.00018402145360596478
0.9991090893745422
0.9999536275863647
0.9999740123748779
0.9998300075531006
0.00944356620311737
0.999663233757019
0.997245192527771
1.9079925550613552e-05
0.5489783883094788
0.8917586803436279
0.8682963848114014
0.9999186992645264
0.9996334314346313
0.999661922454834
0.9973160624504089
0.0050931405276060104
0.9683238863945007
0.9990550875663757
0.9995597004890442
0.9998291730880737
0.9999502897262573
0.9998067021369934
0.9810283780097961
0.6618195176124573
0.9950295090675354
0.9954360127449036
0.9413030743598938
0.9164295196533203
0.9999748468399048
0.9962719678878784
0.999251663684845
0.9999843835830688
0.9981966614723206
0.9301823973655701
0.00458376994356513
0.999679684638977
0.99996018409729
0.99528968334198
0.003805471584200859
0.9986022114753723
0.9995275735855103
0.9950114488601685
0.9990622401237488
0.9992069602012634
0.9763253331184387
0.9997783303260803
0.36759886145591736
0.9997220635414124
0.9999662637710571
0.9918845891952515
0.999426007270813
0.9999473094940186
0.999747097492218
0.9968497157096863
0.008118916302919388
0.9977898597717285
0.9110135436058044
0.9999550580978394
0.999794065952301
0.99732506275177
0.9975696206092834
0.9999905824661255
0.24370719492435455
0.9958789348602295
0.9999357461929321
0.9999068975448608
0.9996485710144043
0.9996384382247925
0.9998925924301147
0.9999500513076782
0.999971866607666
0.9999473094940186
0.9998631477355957
0.9994146823883057
0.9978510141372681
0.9850081205368042
0.9995675683021545
0.028494318947196007
0.00979918334633112
0.9999635219573975
0.7899711728096008
0.9999479055404663
0.9996885061264038
0.9999516010284424
0.09508328884840012
0.9962608218193054
0.9991300702095032
0.9991076588630676
0.998753547668457
0.06597857177257538
0.9995611310005188
0.9999544620513916
0.999977707862854
0.9978734254837036
0.9999788999557495
0.9989713430404663
0.08498654514551163
0.9997953772544861
0.7891722917556763
0.9466161131858826
0.9988700747489929
0.9999815225601196
0.6385313868522644
0.9999514818191528
0.2541528046131134
0.9998650550842285
0.008593183942139149
0.9997817873954773
0.9993748068809509
8.346897811861709e-05
0.9905732274055481
0.031120991334319115
0.9996901750564575
0.00030699113267473876
0.9987429976463318
0.8098196983337402
0.43926817178726196
0.9623497128486633
0.5652403831481934
0.9909928441047668
0.5440720915794373
0.9955677390098572
0.993269145488739
0.9999300241470337
0.9555439949035645
0.99997878074646
0.015001045539975166
0.007188538555055857
0.9970986843109131
0.9999876022338867
0.9957133531570435
0.4763943552970886
0.9999812841415405
0.9994887113571167
0.9997335076332092
0.9996929168701172
0.9993613362312317
0.9999411106109619
0.9999852180480957
0.7834826707839966
0.9997071623802185
0.9999136924743652
0.9999818801879883
0.9532721638679504
0.999911904335022
0.9999096393585205
0.9992830157279968
0.00012327627337072045
0.9999885559082031
0.9978481531143188
0.9996894598007202
0.9998948574066162
0.9999929666519165
0.996931791305542
0.25481143593788147
0.12893465161323547
0.9991406202316284
0.9972149133682251
0.3926067650318146
0.9995354413986206
3.2643140457366826e-06
0.9995059967041016
0.9994192123413086
0.9999500513076782
0.00013708537153434008
0.9997135996818542
3.623376687755808e-05
0.9994783997535706
7.06301725585945e-05
0.9999852180480957
0.9548344016075134
0.9998769760131836
0.9902300238609314
0.9999767541885376
0.999850869178772
0.9999598264694214
0.9998900890350342
0.1382746547460556
2.3077967853168957e-05
0.12130304425954819
0.9999430179595947
0.99956876039505
0.9972379207611084
0.000543775619007647
0.999919056892395
0.9999822378158569
0.9999337196350098
0.9459787011146545
0.9999748468399048
0.9999786615371704
0.04091635346412659
0.6838750243186951
0.4355276823043823
0.9997112154960632
4.435304072103463e-05
0.9999551773071289
0.40626829862594604
0.9987664222717285
3.117535015917383e-05
0.9998143315315247
0.9994774460792542
0.9999727010726929
0.9672031402587891
0.9998819828033447
0.999992847442627
0.9694458246231079
1.9421029264776735e-06
0.9999815225601196
0.44542139768600464
0.9384874105453491
0.9982885718345642
0.002107763197273016
0.9999842643737793
0.9968441724777222
0.9999433755874634
0.049237169325351715
0.9997584223747253
0.01224797684699297
0.9989527463912964
0.9984714388847351
0.9999374151229858
0.2078128159046173
0.9998598098754883
0.9999674558639526
0.9291800856590271
0.0009590164409019053
0.9998468160629272
0.9996472597122192
0.9992430210113525
0.9999285936355591
0.9985712766647339
0.9998372793197632
0.9841705560684204
0.9988359808921814
0.99996018409729
0.02471221052110195
0.9978379607200623
0.9999874830245972
0.999836802482605
0.015422885306179523
0.9999802112579346
0.9992092251777649
6.977730208745925e-06
0.5242465138435364
0.9998792409896851
0.9527632594108582
0.9998314380645752
0.013790265657007694
0.9991790652275085
0.9998873472213745
0.9999896287918091
0.9986563920974731
0.9999756813049316
0.9888060092926025
0.9999885559082031
0.9922532439231873
0.9996447563171387
0.8982232809066772
0.9999172687530518
0.8120009303092957
0.9999566078186035
0.999396562576294
0.9999010562896729
0.9978681802749634
0.9999873638153076
0.9393755793571472
0.6871251463890076
0.9999880790710449
0.9763293266296387
0.9881072640419006
0.9999711513519287
0.9993047714233398
0.9997474551200867
0.01947828195989132
5.14858948008623e-06
0.9999574422836304
0.9996139407157898
0.9999856948852539
0.9999910593032837
0.9995887875556946
0.9722568988800049
0.7798928022384644
0.9989797472953796
0.9909065961837769
0.9997478127479553
0.1228410080075264
0.9672371745109558
0.9935321807861328
0.99991774559021
0.9999464750289917
0.9995285272598267
0.9856269359588623
0.6307141184806824
0.030524631962180138
0.9992651343345642
0.9977380037307739
0.5631552338600159
0.00029931339668110013
0.9991133809089661
0.3857502341270447
0.9986825585365295
0.9998980760574341
0.00020406222029123455
0.999987006187439
0.9998289346694946
0.9999083280563354
0.0001285574253415689
0.006304833572357893
0.07601261138916016
0.9029596447944641
0.9920538663864136
0.023022234439849854
0.11370058357715607
0.9993481040000916
0.3542250692844391
0.672788679599762
0.9999645948410034
0.0002871307369787246
1.0359182851971127e-05
0.9999288320541382
0.6857042908668518
0.999816358089447
0.995442271232605
0.06918447464704514
0.998267412185669
0.9998363256454468
0.9995830655097961
0.9907050728797913
0.9953533411026001
8.192534005502239e-05
0.6245958209037781
0.9999834299087524
0.9995997548103333
0.961050808429718
0.9996700286865234
0.28585171699523926
0.9998915195465088
0.9997625946998596
0.9998310804367065
0.9998551607131958
0.998746395111084
0.00012817626702599227
0.9997450709342957
0.9999854564666748
0.9938971400260925
0.9995833039283752
0.8969106674194336
3.6908975744154304e-05
0.9999586343765259
0.8583141565322876
0.999833345413208
0.9999418258666992
0.9977768063545227
0.00064209068659693
0.9999761581420898
0.9998123049736023
0.9955729246139526
0.9998395442962646
0.9997218251228333
0.9999786615371704
0.0006041727610863745
0.9999105930328369
0.9956953525543213
0.9854432344436646
0.9996832609176636
0.8282303214073181
0.9999059438705444
0.999990701675415
0.9998751878738403
0.9986096620559692
0.999909520149231
0.9998632669448853
0.9984862804412842
0.8166188597679138
0.9999868869781494
0.0027987579815089703
0.9989105463027954
0.9998089671134949
0.9966260194778442
0.9998952150344849
1.029447048495058e-05
0.9973438382148743
0.9997721314430237
6.933539680176182e-06
0.8970804214477539
0.9992964267730713
0.9999892711639404
0.9999710321426392
0.9999507665634155
0.9999829530715942
0.9999171495437622
0.999943733215332
0.9998090863227844
0.3926953077316284
0.9999375343322754
0.9999376535415649
0.9999631643295288
0.9999104738235474
0.999890923500061
0.9883602857589722
0.9999419450759888
0.9999431371688843
0.9999486207962036
0.9997809529304504
0.5615702867507935
0.9997792840003967
0.998863935470581
0.964669942855835
0.9994537234306335
0.9997971653938293
0.9998136162757874
0.9998996257781982
0.9997199177742004
7.24907877156511e-05
0.9999674558639526
0.9989708662033081
0.7812648415565491
0.9984700083732605
0.982935905456543
0.9910995364189148
0.9999386072158813
0.00037680758396163583
0.99997878074646
0.9986199140548706
0.7411752343177795
0.9999727010726929
0.9997120499610901
0.009740564040839672
2.581316584837623e-05
0.9995630383491516
0.9988986253738403
0.9998124241828918
0.9999598264694214
0.998999297618866
0.3679223358631134
0.9998593330383301
0.9999935626983643
0.9999222755432129
0.9996768236160278
0.9759231805801392
0.9991598129272461
0.9998365640640259
0.999907374382019
0.999991774559021
0.9999054670333862
0.9995211362838745
0.999870777130127
0.9999098777770996
0.9980199337005615
0.8092271685600281
0.9981585144996643
0.9991402626037598
0.994142472743988
0.9999901056289673
0.9995373487472534
0.9999343156814575
0.37730780243873596
0.9999358654022217
0.043569330126047134
0.02372114546597004
8.631144737591967e-05
0.9804385900497437
0.9703136682510376
0.9999587535858154
0.9998823404312134
0.0004498625348787755
0.9968668818473816
0.9994996786117554
0.9998519420623779
0.998256504535675
0.9999918937683105
0.9962348341941833
0.999920129776001
0.9858443737030029
0.9998874664306641
0.9994181394577026
0.9999563694000244
0.9813825488090515
0.9992096424102783
0.9988777041435242
0.999566376209259
0.1458556354045868
0.9648812413215637
0.9976789355278015
7.949750397528987e-06
0.9225323796272278
0.91828852891922
0.9999781847000122
0.9777137637138367
0.9916484355926514
0.9994940757751465
0.9999167919158936
0.9999089241027832
0.9983323216438293
0.9999533891677856
0.9994792342185974
0.0011931507615372539
0.6114053726196289
0.9999693632125854
0.0129188671708107
0.9995511174201965
0.9999222755432129
0.9999920129776001
0.9814736247062683
0.9999748468399048
0.0006005202885717154
0.9438830614089966
0.580720067024231
0.9999744892120361
0.9990532994270325
0.09710615873336792
0.9994041919708252
0.9998346567153931
0.999935507774353
2.5844743504421785e-05
0.994566798210144
0.990190863609314
0.9999428987503052
0.9886828064918518
0.16608676314353943
0.9919800758361816
0.9984449744224548
0.9999877214431763
0.9999845027923584
0.23940514028072357
0.9999111890792847
0.9999140501022339
0.999991774559021
0.3896646201610565
0.9997521042823792
0.9999903440475464
0.7798663973808289
0.9999682903289795
0.9979521632194519
0.04913238063454628
0.9993152618408203
0.9998621940612793
0.9998121857643127
0.018146172165870667
0.9997853636741638
0.9999657869338989
0.9990541338920593
0.9998167157173157
0.9996592998504639
0.002659269142895937
0.9691898822784424
0.9995148181915283
0.967102587223053
0.04297557473182678
0.953172504901886
0.9985753297805786
0.9621599912643433
0.9999862909317017
0.9999077320098877
0.8908965587615967
0.009177852421998978
0.9989134073257446
0.9999758005142212
0.9952573180198669
0.9999650716781616
0.999653697013855
0.9994723200798035
0.9993299245834351
0.9162048697471619
0.999988317489624
0.9392017126083374
0.43336552381515503
0.9975506663322449
3.693768576340517e-06
0.9607843160629272
0.9999886751174927
0.999846339225769
0.9534583687782288
0.999774158000946
0.8972975611686707
0.9999845027923584
0.9999489784240723
0.9998090863227844
0.9984716773033142
4.7068628191482276e-05
0.9348725080490112
0.4379807412624359
0.9998805522918701
0.9968677163124084
0.9998551607131958
0.9997124075889587
0.9999417066574097
0.9991199374198914
0.9999866485595703
0.999265730381012
0.9997696280479431
0.9998027682304382
0.9999825954437256
0.9999707937240601
0.9999265670776367
0.9986502528190613
0.7010253667831421
0.0002761181676760316
0.4172515869140625
0.9994646906852722
0.4487062096595764
0.9997958540916443
0.9999903440475464
0.9990088939666748
0.40364372730255127
0.9998869895935059
0.998594343662262
0.9998741149902344
0.9999754428863525
0.9999833106994629
0.9997380375862122
0.9665975570678711
0.9997450709342957
0.0042426991276443005
0.999988317489624
0.9991316199302673
0.9987260699272156
0.4743260145187378
0.9955062866210938
0.9999173879623413
0.9998875856399536
0.9998730421066284
0.999956488609314
0.9999887943267822
0.999761164188385
0.9999332427978516
0.9992747902870178
0.9995986819267273
0.9998623132705688
0.9998321533203125
0.9998955726623535
1.9903092834283598e-05
0.9982859492301941
0.3632992208003998
0.9999502897262573
0.9974606037139893
0.9995386600494385
0.9999536275863647
0.9371002912521362
0.0027256757020950317
0.9999474287033081
2.605454938020557e-06
0.9997984766960144
0.8968775868415833
0.4630615711212158
0.0005797418998554349
0.0003107405500486493
0.9960708618164062
0.9999880790710449
0.999976396560669
0.46769681572914124
0.9998039603233337
0.007421667687594891
0.9998472929000854
0.9963386058807373
0.9998856782913208
0.9998565912246704
0.9998569488525391
0.9526535272598267
0.9889538288116455
0.9931588768959045
0.9999501705169678
0.99994957447052
0.9998565912246704
0.9999175071716309
0.008486639708280563
0.999981164932251
0.011740008369088173
0.999966025352478
0.9999719858169556
0.998793363571167
0.0034979740157723427
1.9388926375540905e-05
0.9999086856842041
0.9997052550315857
0.9992254972457886
0.026087500154972076
0.9999649524688721
0.9917353987693787
0.9999905824661255
0.9998289346694946
0.9999276399612427
0.04567953944206238
0.9998134970664978
0.9997671246528625
0.004858807194977999
0.999985933303833
0.9997239708900452
0.9999853372573853
0.45095279812812805
0.9998206496238708
0.7588891983032227
0.9759474396705627
0.9973403811454773
0.9997965693473816
0.9962185025215149
0.9999710321426392
0.9985451698303223
0.9999321699142456
0.9999830722808838
0.0021498443093150854
0.9995354413986206
0.9999644756317139
0.9999719858169556
0.9986332058906555
3.65640380550758e-06
0.999974250793457
0.9999903440475464
0.9999778270721436
0.9873368144035339
0.9999861717224121
0.9997673630714417
0.9999407529830933
0.9997926354408264
0.9999276399612427
0.23311087489128113
0.9999558925628662
0.9929037690162659
0.9999117851257324
0.982526957988739
0.0325431302189827
0.9999527931213379
0.9998167157173157
0.9998975992202759
9.678027709014714e-05
0.34119269251823425
0.999988317489624
0.9994358420372009
0.9998679161071777
0.9966883063316345
0.9998196959495544
2.342654624953866e-05
0.027979306876659393
0.8497644662857056
0.9994519352912903
0.9998086094856262
0.9998403787612915
0.5817974209785461
0.9988873600959778
0.9999769926071167
0.982078492641449
0.013726256787776947
0.8295758366584778
0.9998047947883606
0.9586866497993469
0.4398139715194702
0.9999017715454102
0.018681688234210014
0.9871917963027954
0.9996985197067261
0.9204562306404114
0.9997184872627258
0.9998916387557983
7.781000931572635e-06
0.9998977184295654
0.999792754650116
0.9996159076690674
0.9999686479568481
0.9998470544815063
0.9999582767486572
0.6416500210762024
0.5419230461120605
0.9999711513519287
0.9757406115531921
0.998538613319397
0.9996157884597778
0.9997308850288391
0.9999055862426758
0.9991003274917603
0.001798164565116167
0.00016446906374767423
0.9999178647994995
0.99988853931427
0.9984228610992432
0.9995020627975464
0.9999762773513794
0.5222048163414001
0.9998230338096619
0.2882356643676758
0.9998273849487305
0.9998931884765625
0.999258816242218
0.9130791425704956
0.9920840263366699
0.9986268281936646
0.9999434947967529
0.9985331296920776
0.7637408971786499
0.7740169167518616
0.9985849857330322
0.9991639852523804
0.9998427629470825
6.4708142417657655e-06
0.9843412041664124
3.298899900983088e-05
0.8028672933578491
0.9987397789955139
0.9999717473983765
0.8771454095840454
0.9999467134475708
0.9999897480010986
0.9999786615371704
0.9997268319129944
0.9999722242355347
0.9995953440666199
0.9547582268714905
0.020066475495696068
0.9998995065689087
0.9998138546943665
0.0008843134273774922
0.9997196793556213
0.9999933242797852
0.9999827146530151
0.9999324083328247
0.9994956254959106
0.9807940721511841
0.9693133234977722
0.9999831914901733
0.016741635277867317
0.9997929930686951
0.9999115467071533
0.9997562766075134
0.9999295473098755
0.999976634979248
0.9956653714179993
0.9999675750732422
0.9999899864196777
0.9996820688247681
0.9990664124488831
0.999792754650116
0.9994768500328064
0.9979015588760376
0.00021319853840395808
0.9997658133506775
0.9999593496322632
0.9998204112052917
0.9999529123306274
0.999971866607666
0.9930028319358826
0.23993833363056183
0.10079531371593475
0.9999269247055054
0.9731229543685913
0.9999477863311768
0.9979733824729919
0.9999001026153564
0.9999475479125977
0.9999247789382935
0.9999133348464966
0.9999804496765137
0.9993541836738586
0.9998505115509033
0.8523727655410767
0.9994148015975952
0.999940037727356
0.9994620680809021
0.9997444748878479
0.9956662654876709
0.9980356097221375
0.9999945163726807
0.0006939915474504232
0.0020131298806518316
0.990922749042511
0.8221855759620667
0.0037348594050854445
0.0006401893915608525
0.9995874762535095
0.9418272972106934
0.04682748019695282
0.00011324107617838308
0.9999880790710449
0.999976634979248
0.9992395639419556
0.9999802112579346
0.8235629796981812
0.9998544454574585
0.9997581839561462
0.9999428987503052
0.9892260432243347
0.8097172975540161
0.999948263168335
0.9999555349349976
0.9988628625869751
0.9999414682388306
0.8956549763679504
0.6366944909095764
0.9740018248558044
0.9998438358306885
0.9983208775520325
0.9860116839408875
0.9990550875663757
0.9999347925186157
0.999936580657959
0.9992351531982422
0.987153947353363
0.9995392560958862
0.9998651742935181
0.9998453855514526
0.9761632084846497
0.9999717473983765
0.9999916553497314
0.9998824596405029
0.02103029564023018
0.9997382760047913
0.9999866485595703
0.9989562034606934
0.9985355138778687
0.9996920824050903
0.9999716281890869
0.9947180151939392
5.30054239789024e-05
0.9999886751174927
0.9999059438705444
0.9999642372131348
0.9997772574424744
0.9999828338623047
0.9999856948852539
0.8827939033508301
0.9999079704284668
0.0004866240487899631
0.3009475767612457
0.9998723268508911
0.9998075366020203
0.9999876022338867
0.3416929543018341
0.9986695051193237
0.7717695832252502
0.9999206066131592
0.9999904632568359
0.939029335975647
0.9995275735855103
4.7690602514194325e-05
0.9998615980148315
0.0005827916320413351
0.9995038509368896
0.9959814548492432
0.9996751546859741
0.9971445202827454
0.9999696016311646
0.9903711676597595
0.04124069958925247
0.9999772310256958
0.999805748462677
0.9978347420692444
0.999701201915741
0.999980092048645
0.9996084570884705
0.9801040887832642
0.9955011010169983
0.999869704246521
0.9999117851257324
0.9961283206939697
0.9996967315673828
0.7851158976554871
0.9992886781692505
0.9949829578399658
0.9999145269393921
0.9949064254760742
7.820867176633328e-05
0.999289870262146
0.9863612651824951
0.9999903440475464
0.9958186745643616
0.9990454316139221
0.27040714025497437
0.9998745918273926
0.0007418490131385624
0.9998303651809692
0.9987924098968506
0.9999456405639648
1.141117354563903e-05
0.9993066787719727
0.9999867677688599
0.955544650554657
0.9990429282188416
0.9917839765548706
0.9999804496765137
0.9971697926521301
0.9374443292617798
0.9677777886390686
0.012030520476400852
0.9997609257698059
0.9916925430297852
0.9816721081733704
0.9532098770141602
4.0945506043499336e-05
0.9999557733535767
0.9999862909317017
0.9997112154960632
0.9996463060379028
0.9999412298202515
0.9998538494110107
0.9999593496322632
0.9999624490737915
0.9994198083877563
0.999953031539917
0.9959641695022583
0.9999539852142334
0.9999785423278809
0.9999756813049316
0.94150710105896
0.9781582355499268
0.9800192713737488
0.9987196922302246
0.8421148061752319
0.9999226331710815
0.9996949434280396
0.00887292716652155
0.9999915361404419
0.9999815225601196
0.9998408555984497
1.197096139549103e-06
0.9807571172714233
0.999679684638977
0.002499462803825736
0.9998725652694702
0.996587872505188
0.9999918937683105
0.9994893074035645
0.9984056353569031
0.9998949766159058
0.999974250793457
0.9999014139175415
0.9998342990875244
0.010353097692131996
0.9728997349739075
0.0031499702017754316
0.999785840511322
0.9999232292175293
0.9998984336853027
0.9998902082443237
0.9999470710754395
0.9998769760131836
0.9998224377632141
0.999977707862854
0.9999815225601196
0.9986101388931274
0.9999316930770874
0.11433302611112595
0.9997836947441101
0.999984622001648
0.9999834299087524
0.0014353797305375338
0.5560634136199951
0.9999873638153076
0.9999665021896362
0.99998939037323
0.9950893521308899
0.999774158000946
0.9999688863754272
0.999987006187439
0.999887228012085
0.011580096557736397
0.9875232577323914
0.9995540976524353
0.9998680353164673
0.9999648332595825
0.9996410608291626
0.5954084992408752
0.0062873573042452335
0.9993487000465393
4.769028601003811e-05
0.9988964796066284
0.9998255372047424
0.9999861717224121
0.4850502014160156
0.9991558790206909
0.9997313618659973
0.0009931159438565373
0.9861271381378174
3.18425809382461e-05
0.0021074102260172367
0.9993174076080322
0.9999747276306152
0.9998738765716553
0.9999077320098877
0.9999459981918335
0.998223602771759
0.9997122883796692
0.9994770884513855
0.9999823570251465
0.9999469518661499
0.01224241591989994
0.9999566078186035
0.998274564743042
0.999953031539917
0.9904030561447144
0.9988954067230225
0.9994521737098694
0.9999635219573975
0.7924891114234924
0.9947604537010193
0.9852378964424133
0.40092939138412476
0.016254913061857224
0.9999473094940186
0.9998816251754761
0.9998480081558228
0.011671395041048527
0.9993496537208557
0.9102684259414673
0.9997673630714417
0.8577815890312195
0.9997889399528503
0.1330982744693756
0.9999347925186157
0.9999697208404541
0.9999408721923828
0.9999904632568359
