0.9997662901878357
0.999428927898407
0.999951958656311
0.6428163647651672
0.9988864064216614
0.9082012176513672
0.17144101858139038
0.9999853372573853
0.9578401446342468
0.999657154083252
0.9981100559234619
0.9999188184738159
0.018958844244480133
0.0515458770096302
0.9992886781692505
0.9490754008293152
0.9997246861457825
0.9998854398727417
0.8420183062553406
0.9999840259552002
0.6810122132301331
0.9981949925422668
1.4322963579616044e-05
0.0009441125439479947
0.742886483669281
0.9913438558578491
0.9999033212661743
0.9571317434310913
0.9997633099555969
0.9167619347572327
0.2169998437166214
0.05236056447029114
0.00016289956693071872
0.9991012811660767
0.9999117851257324
0.9999489784240723
0.2488134801387787
0.06481833755970001
0.00012823664292227477
0.9998747110366821
1.7132046195911244e-05
0.9999486207962036
0.9283773303031921
6.437488627852872e-05
5.585551662079524e-06
0.00011682428157655522
0.9998620748519897
0.9991108775138855
0.9950587749481201
0.984231173992157
0.3715943694114685
0.0030008943285793066
0.001125926966778934
2.333770680706948e-05
0.9999442100524902
0.9970762729644775
0.9967260360717773
0.0020399303175508976
0.999382495880127
0.0005592384841293097
0.9999938011169434
0.9999581575393677
0.9909480214118958
0.00015516586427111179
0.9982962012290955
0.9956511855125427
0.03202034905552864
0.9648469686508179
0.979134202003479
0.9676563143730164
0.9989367127418518
0.9999074935913086
0.17207100987434387
0.9396035671234131
0.003754031378775835
0.9997343420982361
0.9998056292533875
0.9753429889678955
0.9532623887062073
0.0014013547915965319
0.9999430179595947
0.9970855116844177
0.0020466253627091646
0.9996390342712402
0.9965164661407471
0.9993833303451538
0.9985944628715515
0.9990653395652771
0.9981074333190918
0.9982678890228271
0.999631404876709
0.99944669008255
0.8703502416610718
0.9911518692970276
0.9943354725837708
7.65696750022471e-05
0.9999121427536011
0.3584540784358978
0.9999033212661743
0.9988393187522888
5.229802991379984e-05
0.9999837875366211
0.9929177761077881
0.9999746084213257
0.17022068798542023
0.24486123025417328
0.9996862411499023
0.017846014350652695
0.8721399307250977
0.0012457316042855382
0.999497652053833
0.9998893737792969
0.9997633099555969
0.9999834299087524
0.11519960314035416
0.9917625188827515
0.9999384880065918
0.0022600924130529165
0.23110723495483398
0.9964678287506104
0.959976315498352
0.9955784678459167
0.9965786337852478
0.9994671940803528
0.9971803426742554
0.6377740502357483
0.999902606010437
0.9996080994606018
0.9999111890792847
0.9841964840888977
0.9997783303260803
0.3168807625770569
0.9508262872695923
0.0020311204716563225
0.9902036190032959
0.9252694249153137
0.9951499104499817
0.9986901879310608
0.9999521970748901
0.9996053576469421
0.0018308390863239765
8.505903679179028e-05
0.999549925327301
0.7293102145195007
0.00024076933914329857
0.9921790361404419
0.9998593330383301
0.19730456173419952
0.012809818610548973
0.999987006187439
0.9998577833175659
0.9999071359634399
0.9928320646286011
0.0055315252393484116
8.173419701051898e-06
0.9994818568229675
0.006034231744706631
0.8235926032066345
0.9999890327453613
0.0029085443820804358
9.009359200717881e-05
9.319310629507527e-05
0.00502739055082202
0.999947190284729
0.912748396396637
0.9971515536308289
0.9983571171760559
0.9899623394012451
0.001229267567396164
0.0025830138474702835
0.9944044351577759
0.02577856555581093
0.0005025160498917103
0.9997574687004089
0.016208216547966003
0.9998660087585449
0.9248862266540527
0.9999771118164062
0.000868656556122005
0.002006538212299347
0.9842005372047424
0.01645565964281559
0.00021897700207773596
0.002506759949028492
1.9789761154243024e-06
0.9311540126800537
0.015754884108901024
0.0001638466928852722
0.0010278916452080011
0.7368383407592773
0.9996368885040283
0.9951319694519043
0.9998396635055542
0.9955358505249023
0.9927647709846497
0.9986503720283508
0.9992907047271729
0.00045800957013852894
0.9566457867622375
0.9996657371520996
0.9999825954437256
0.9603896737098694
0.9888485670089722
0.9665346145629883
0.0794488862156868
0.9903295040130615
0.9942955374717712
0.9812073111534119
0.026880580931901932
0.00023155611415859312
0.9999197721481323
0.9991251826286316
0.7213311195373535
0.999496340751648
0.004504677373915911
0.9997802376747131
0.9998742341995239
0.04581492766737938
0.9995306730270386
0.9994818568229675
0.9997208714485168
0.999834418296814
0.999763548374176
0.9994744658470154
0.9995821118354797
0.6930823922157288
0.9991401433944702
2.0190457235003123e-06
0.35817256569862366
0.9998999834060669
0.9008768200874329
0.9825465679168701
0.9904723167419434
0.544277012348175
1.5933808754198253e-05
0.49812471866607666
0.0004845074436161667
9.033257083501667e-05
0.9987013339996338
0.17671579122543335
0.010254019871354103
0.9999086856842041
0.9899728298187256
0.8846359252929688
0.1097988411784172
0.9985363483428955
0.9998986721038818
0.9999785423278809
0.9961600303649902
0.3108288049697876
0.990464448928833
0.00021142543118912727
0.9998611211776733
0.9996412992477417
0.9999587535858154
0.9997597336769104
0.9975249171257019
0.05059562623500824
0.013562953099608421
0.002907518530264497
0.9674967527389526
0.0034730909392237663
0.0001818604359868914
0.9984264373779297
0.9987145662307739
0.7703452110290527
0.99996018409729
0.9397082328796387
4.612906195688993e-06
0.08546753972768784
0.8939704895019531
0.9975466132164001
6.401660925803299e-07
0.5900318026542664
0.9996531009674072
0.9983868598937988
0.00021454255329445004
0.23024867475032806
0.9997749924659729
3.7852303648833185e-05
0.999036431312561
0.004473934415727854
0.9997727274894714
8.010954388737446e-07
0.8299010396003723
0.9997010231018066
0.9990131855010986
0.5952678322792053
0.0060082608833909035
0.059609685093164444
1.8241227735416032e-05
0.9996480941772461
0.36699146032333374
0.0011228995863348246
0.8485628366470337
0.9989081621170044
0.5594494938850403
0.0010019057663157582
6.155710707389517e-06
0.9994807839393616
0.9970362186431885
0.11345160007476807
0.9999251365661621
0.9965454936027527
0.9999380111694336
0.9857140779495239
0.9807637929916382
0.999896764755249
0.9984317421913147
0.17154759168624878
0.0014420637162402272
0.00038821392809040844
7.389576057903469e-05
0.9714950323104858
0.3352544903755188
0.9884458780288696
0.9999284744262695
0.0003801646234933287
0.9999434947967529
0.999785840511322
0.19770900905132294
0.9996323585510254
4.5325024984776974e-05
0.11273423582315445
0.9987292885780334
0.9911389946937561
0.9407629370689392
0.9999397993087769
0.9996967315673828
0.9998515844345093
0.9961838126182556
0.9997712969779968
0.966041624546051
0.9997270703315735
1.8785269276122563e-05
0.003935554996132851
0.9979372024536133
0.9999531507492065
0.9999258518218994
0.5289099812507629
0.9847894906997681
0.9997649788856506
0.9518172144889832
0.994082510471344
0.005558724515140057
0.7866709232330322
0.9999371767044067
8.768308180151507e-05
0.9998087286949158
0.9999011754989624
4.531556442088913e-06
0.9855721592903137
0.9997777342796326
0.00023291456454899162
0.9997276663780212
0.17271345853805542
0.999483585357666
0.9995038509368896
0.9328225255012512
1.4099238114795298e-06
2.7901927523998893e-07
0.9981136322021484
0.05405798554420471
0.03240106254816055
0.9990878105163574
0.3397273123264313
0.9965960383415222
0.9999088048934937
0.9392191767692566
0.9998030066490173
1.6648026530674542e-06
0.9998873472213745
7.766441558487713e-05
0.4244062304496765
4.4229960622033104e-05
2.3868155949458014e-06
0.9906230568885803
0.999840259552002
0.0003557211603038013
0.9999489784240723
0.6197010278701782
0.9996479749679565
0.9997497200965881
0.8936787843704224
0.999929666519165
0.9994503855705261
0.9996724128723145
0.9979173541069031
9.443339877179824e-06
0.19842034578323364
0.9997556805610657
0.03795989975333214
0.9999523162841797
0.9994977712631226
0.00012579023314174265
3.0205354050849564e-05
0.9351938962936401
0.9987598657608032
0.40559783577919006
0.9999896287918091
0.9998406171798706
0.7464616894721985
0.99918133020401
0.9992045760154724
0.9999512434005737
2.6316133698855992e-06
0.9998559951782227
0.9999405145645142
0.9927812218666077
0.3518349826335907
0.7850421667098999
0.9701550006866455
0.11514530330896378
0.9901437759399414
0.9938668608665466
2.771139952528756e-05
0.9998713731765747
0.0007547249551862478
0.008820496499538422
0.9979978203773499
0.9994719624519348
0.9800674319267273
0.9266324639320374
0.999345600605011
0.008777241222560406
0.6226189732551575
0.9999908208847046
0.981359601020813
0.9999767541885376
0.007170680910348892
0.05974648520350456
0.9998207688331604
9.454024052502064e-08
7.474501762771979e-05
0.9997134804725647
0.9917371869087219
0.00386922899633646
0.005145231261849403
0.9998701810836792
0.9947128891944885
0.996202290058136
0.8374181985855103
2.627474896144122e-05
0.999910831451416
0.9995114803314209
0.08355152606964111
0.0013380086747929454
0.9988180994987488
0.999911904335022
0.9999388456344604
0.8334577679634094
0.9989688396453857
0.9986506104469299
3.43736210197676e-05
0.9898588061332703
0.9431949257850647
0.04237128049135208
0.9834426045417786
0.9628214836120605
0.002930144313722849
1.3196847248764243e-05
0.9989994168281555
0.9308393597602844
0.9643802046775818
0.9588611125946045
4.934028402203694e-05
0.9999388456344604
0.8981163501739502
0.9994751811027527
0.9999542236328125
0.9998630285263062
0.9940299987792969
0.9994799494743347
0.18071939051151276
0.9999340772628784
0.4452074468135834
0.9996693134307861
0.5214606523513794
0.9995438456535339
0.9990105628967285
0.9994544386863708
0.9998968839645386
0.9980944991111755
0.4741221070289612
0.9999723434448242
0.8500321507453918
0.9997454285621643
0.9999347925186157
6.508902060886612e-06
0.9999643564224243
0.9998562335968018
0.9999784231185913
0.7777737379074097
0.9989637136459351
0.0006783978897146881
5.788787530036643e-05
0.9999818801879883
0.9998997449874878
0.9987768530845642
0.9266976714134216
0.975538432598114
5.228899681242183e-06
0.9998345375061035
0.031184876337647438
0.8109809756278992
0.9953580498695374
0.0002108502812916413
0.986510694026947
0.0008269157260656357
0.35189706087112427
0.9685509204864502
0.998458981513977
0.9987303614616394
0.060397934168577194
0.9999872446060181
0.9473979473114014
0.9997736811637878
0.9855133891105652
0.008441474288702011
0.0031575881876051426
0.0330699197947979
0.9969985485076904
0.9985927939414978
0.9999312162399292
0.9987906813621521
0.9927869439125061
0.9987823367118835
0.9999746084213257
0.9998738765716553
0.021107932552695274
0.032490093261003494
9.019636308948975e-06
0.9997947812080383
1.0845457154573523e-06
0.9998151659965515
0.0009019045974127948
0.9989880919456482
0.2334020435810089
0.9699394702911377
0.9174728989601135
0.05789940804243088
0.9999904632568359
0.9986720085144043
0.023025011643767357
0.7978397011756897
0.9241769313812256
3.4786782634910196e-05
0.01971413567662239
0.999568521976471
0.999810516834259
5.710074219678063e-06
0.5934122204780579
0.9998107552528381
0.9999843835830688
0.09157934784889221
0.9999839067459106
0.00028512810240499675
0.9998571872711182
0.010832679457962513
0.9967958331108093
0.9984570741653442
0.5668855309486389
0.9991447925567627
0.9997552037239075
0.9993353486061096
0.040821097791194916
0.04895332083106041
0.05027160048484802
0.9998794794082642
0.9996752738952637
0.8973233699798584
0.999872088432312
0.999079704284668
0.0055343639105558395
0.9997664093971252
1.538254218758084e-05
0.9841719269752502
0.0005510248010978103
0.8359148502349854
0.9999253749847412
0.9993461966514587
0.9976894855499268
0.002663116902112961
0.9858312606811523
0.8973769545555115
0.9998596906661987
0.9997740387916565
0.33298465609550476
0.5784327983856201
0.9998962879180908
0.9996237754821777
0.9916050434112549
0.9969486594200134
0.9829776287078857
0.9994980096817017
0.9246520400047302
0.9748470783233643
0.0564102940261364
0.9801321625709534
4.935161996399984e-05
8.372159209102392e-05
0.9805137515068054
0.8639451265335083
0.9859843850135803
7.92222999734804e-05
0.00020141087588854134
0.9480963945388794
0.9996137022972107
0.9998574256896973
0.9998863935470581
0.9890745282173157
0.0011358573101460934
0.00016050998237915337
0.9998812675476074
0.9998893737792969
0.00021704263053834438
0.9997966885566711
0.9997668862342834
0.9944096207618713
0.00018748735601548105
0.969260573387146
0.010520514100790024
0.9999349117279053
0.9995274543762207
0.9998677968978882
0.9998227953910828
0.9970923662185669
0.9999727010726929
0.9999052286148071
0.9986165761947632
0.0003357954556122422
3.6656770134868566e-06
0.0026049737352877855
0.9864261150360107
0.9999274015426636
0.005073408596217632
0.9997509121894836
0.1301729381084442
0.37362584471702576
0.003342804964631796
0.521355152130127
0.00019091162539552897
0.9799168705940247
0.6480823159217834
1.961479938472621e-06
0.9888672232627869
0.0002116821997333318
4.0504863136447966e-05
0.9999759197235107
0.9982600808143616
5.588802650891012e-06
0.9995044469833374
0.32349932193756104
1.3872174349671695e-05
5.387652436183998e-06
0.999771773815155
0.9994372725486755
0.9998903274536133
4.960908768225636e-07
0.999921441078186
0.9998846054077148
3.136055602226406e-05
0.9992623925209045
0.9928499460220337
0.9977673292160034
0.9998273849487305
0.999314546585083
0.9999338388442993
0.9998390674591064
0.9712647795677185
0.9997335076332092
2.766502984741237e-05
0.050425849854946136
0.9896079897880554
0.9673373103141785
0.9998631477355957
0.9999557733535767
0.9987190961837769
0.9633066058158875
0.9995135068893433
0.9850999712944031
0.9999173879623413
0.947189211845398
0.9999567270278931
0.9443223476409912
1.4288691545516485e-06
0.9713189601898193
0.003846981795504689
0.14756783843040466
0.010724680498242378
0.9987764954566956
0.9994688630104065
0.9699007868766785
0.8662608861923218
0.6881536245346069
0.003073636209592223
0.9999829530715942
0.8545477986335754
0.9996778964996338
0.9974178075790405
0.9994606375694275
5.662050739374536e-07
1.3198306305639562e-06
0.9896042346954346
0.2878900170326233
0.0018547577783465385
0.9989708662033081
0.9959631562232971
0.027431970462203026
0.9999200105667114
0.9993875026702881
0.9997797608375549
0.018182257190346718
0.0017594886012375355
0.9997805953025818
0.14009526371955872
0.9998217225074768
0.9991081357002258
0.9803822040557861
0.999060332775116
3.629231287050061e-05
0.999114453792572
1.2141157640144229e-05
0.03919973969459534
0.9957559704780579
0.9999516010284424
0.9935909509658813
0.9999524354934692
0.0004496316541917622
0.9999103546142578
0.9954479336738586
0.9993900060653687
0.5752196907997131
0.0003512369585223496
0.9824919700622559
0.9998376369476318
0.007620311342179775
0.9934003353118896
0.9979856014251709
0.9976629018783569
0.9776661396026611
0.999900221824646
0.7765129208564758
6.813017421336554e-07
0.9998773336410522
0.9977643489837646
0.9991544485092163
0.9990379810333252
0.9981902241706848
0.0008123596198856831
0.9989566802978516
3.4589065762702376e-05
0.9011180400848389
0.9999896287918091
0.00987215805798769
0.054526735097169876
0.9961422085762024
0.9999895095825195
0.9987241625785828
0.2242354154586792
0.38773274421691895
0.9998476505279541
0.9994522929191589
0.7801322937011719
0.8442586660385132
0.9882490634918213
0.18474312126636505
0.999591052532196
1.3171726095606573e-05
0.9996817111968994
1.0269446875099675e-06
0.9415447115898132
0.9949803948402405
0.9222826361656189
9.086840145755559e-05
0.9997662901878357
0.9977479577064514
0.9307487607002258
0.9996893405914307
0.9530959129333496
1.7499436580692418e-05
0.9741300344467163
0.46334344148635864
0.02098124288022518
0.8317258954048157
5.6480155762983486e-05
0.9976073503494263
0.985714316368103
0.5081654787063599
0.9954707622528076
0.9966551065444946
2.78669067483861e-05
2.1490966446435777e-06
0.9999845027923584
0.07627752423286438
4.96353868584265e-06
0.9999077320098877
0.989211916923523
0.0007887051324360073
0.9998279809951782
0.9999580383300781
0.9992396831512451
0.9985477328300476
0.9999852180480957
5.0615226427908055e-06
0.8865528106689453
0.001188634429126978
0.9988909363746643
0.9967196583747864
0.0008379810606129467
0.9995929598808289
0.9998620748519897
0.9998438358306885
0.5079892873764038
4.579750566335861e-06
0.7595801949501038
0.9678244590759277
0.014918097294867039
0.9999673366546631
0.9998613595962524
0.9274122714996338
0.9998732805252075
0.9996515512466431
1.16715000331169e-05
0.9998515844345093
0.9924939870834351
0.989075779914856
0.027022073045372963
0.9996659755706787
0.7160201072692871
0.0002539836859796196
0.7317917346954346
0.9996402263641357
0.9993574023246765
9.824790140555706e-06
0.9999710321426392
0.8338769674301147
0.9980674386024475
0.17884507775306702
0.9999648332595825
0.002998213516548276
0.9562820792198181
0.9987713694572449
0.997696578502655
0.9529241919517517
0.1070510596036911
0.9997343420982361
0.996591329574585
0.20237934589385986
3.182873842888512e-05
0.9996672868728638
0.999848484992981
0.10482218861579895
0.9998781681060791
0.13991516828536987
0.0010428220266476274
0.8460456728935242
0.9906862378120422
0.9959547519683838
0.9999181032180786
0.006127884611487389
0.9998251795768738
0.9996293783187866
0.9909047484397888
0.9961240887641907
0.9999809265136719
5.234963964539929e-07
0.9996439218521118
0.018110621720552444
0.0005075364024378359
0.006809284910559654
0.9999780654907227
0.0013179667294025421
0.8770783543586731
0.9193089008331299
0.9996691942214966
5.133152853886713e-07
0.9999819993972778
0.00638929195702076
0.9976709485054016
0.999953031539917
0.00048449868336319923
0.00010358163854107261
0.9891977906227112
1.8303173419553787e-05
0.9996964931488037
0.9881107807159424
0.8506478667259216
0.9998156428337097
0.8860586881637573
0.9998807907104492
0.9995549321174622
0.9999451637268066
0.9988542795181274
0.9998186230659485
0.9998878240585327
0.9951134324073792
0.9999878406524658
0.7494564652442932
0.9945762157440186
0.9802460074424744
0.00115365837700665
0.9999762773513794
0.0711405947804451
3.709519887706847e-06
0.00031100964406505227
0.00020356550521682948
0.9989060163497925
0.9999279975891113
0.9954248070716858
0.9273031949996948
0.015164418146014214
0.9380798935890198
0.9922398328781128
0.9999501705169678
0.00036777567584067583
0.9999731779098511
0.015607364475727081
0.9996271133422852
0.998824417591095
0.9993707537651062
0.005536834243685007
0.09986317902803421
0.778449296951294
0.00010561713861534372
8.530319064448122e-06
0.9996032118797302
0.0004631590854842216
0.9999831914901733
0.9999632835388184
0.9983630776405334
0.9423161745071411
0.8831931352615356
0.0017518711974844337
0.00010653882782207802
0.9999330043792725
0.9358707070350647
0.9994262456893921
0.9995453953742981
0.9997739195823669
0.000858697691000998
0.999863862991333
1.5053346032800619e-05
0.013954758644104004
0.9995631575584412
0.9993964433670044
0.9997193217277527
0.9949518442153931
0.9999426603317261
0.027755284681916237
0.9682196974754333
0.9996702671051025
0.9965463280677795
0.9998695850372314
0.00021984978229738772
0.9991076588630676
0.8627091646194458
0.9735399484634399
0.999880313873291
0.9747571349143982
0.9998973608016968
0.9999145269393921
0.4122264087200165
0.9546640515327454
0.9996335506439209
0.998601496219635
0.9947569370269775
0.068587526679039
0.9998453855514526
0.9979477524757385
0.024266183376312256
0.9999164342880249
1.7073602975870017e-07
1.2156600860180333e-05
8.473035995848477e-05
0.2858993709087372
0.9952390193939209
0.2649354040622711
0.1255207359790802
0.999202311038971
0.9970458149909973
0.9998354911804199
0.9978523254394531
0.9450061321258545
0.03791029378771782
0.9656358361244202
0.9322140216827393
0.9978959560394287
0.9963226318359375
2.7960977604379877e-06
0.9998506307601929
0.020055310800671577
3.146393282804638e-05
0.9999508857727051
0.22142843902111053
0.9993938207626343
2.4429080440313555e-05
0.9974523186683655
0.8690617680549622
0.9624575972557068
0.48139530420303345
0.2048361599445343
0.9995496869087219
0.9986370205879211
4.9216173465538304e-06
0.0024458470288664103
2.174535438825842e-05
0.617529034614563
0.9895765781402588
1.8484214479030925e-06
3.5429460695013404e-05
0.9992355108261108
0.7358678579330444
0.967041552066803
0.9999867677688599
0.4975677728652954
0.38260823488235474
0.9946553707122803
0.9999775886535645
0.9697956442832947
0.9999163150787354
0.4069719612598419
0.8781052827835083
0.07092390209436417
0.9933156371116638
0.983319103717804
0.9988353848457336
0.16263093054294586
0.9886605739593506
0.00010505885438760743
0.0003827710752375424
5.4502352213603444e-06
0.8250200748443604
0.9881889820098877
0.9967376589775085
0.9981935620307922
0.9999411106109619
0.9919580221176147
0.003459988860413432
0.4321513772010803
0.03129223734140396
0.0005286093801259995
0.999387264251709
0.9105144739151001
0.9686888456344604
0.9921078085899353
0.9993472695350647
0.9995997548103333
0.9602125883102417
0.9568007588386536
0.9999686479568481
0.9900740385055542
0.999995231628418
0.9992986917495728
0.0002862541296053678
0.9927311539649963
0.9998636245727539
0.02386757917702198
0.9982832670211792
0.8659749031066895
0.9986415505409241
0.9586213827133179
0.9973220229148865
0.9966259002685547
0.9965388774871826
0.9976683259010315
0.9586274027824402
0.00022505104425363243
0.9895480871200562
0.9999324083328247
0.00248724059201777
0.9990847110748291
0.005166169721633196
0.008009887300431728
0.00039879203541204333
0.0008841773378662765
0.9999213218688965
0.0020968865137547255
0.49923908710479736
0.978190541267395
0.049238674342632294
0.9996852874755859
0.2772170901298523
0.9994745850563049
0.2203240841627121
0.7159067988395691
0.9992747902870178
0.9998195767402649
0.9997865557670593
0.999788224697113
0.01427640300244093
0.9114760756492615
0.9999812841415405
0.12421602010726929
0.9720590114593506
0.7006623148918152
4.39814648416359e-05
0.998848557472229
0.9998084902763367
0.053049761801958084
0.9999914169311523
0.9872503280639648
0.9838629961013794
0.9996700286865234
0.9979263544082642
0.9994661211967468
0.9910644292831421
0.9999033212661743
0.9969061017036438
0.07036525011062622
8.161125151673332e-05
0.9755551815032959
0.9998730421066284
0.07857789844274521
0.9998369216918945
0.0010768813081085682
0.9997395873069763
0.9291858673095703
0.5621204376220703
0.9818500876426697
0.07216797769069672
0.9998410940170288
0.9769772291183472
0.9993466734886169
0.2727499306201935
0.999954104423523
0.994166374206543
0.9824485182762146
0.9999322891235352
0.9999490976333618
0.006760097108781338
0.999678373336792
0.5310630202293396
0.9999200105667114
0.9998701810836792
0.9999699592590332
0.0019980091601610184
0.14035572111606598
0.795303463935852
0.0003105595533270389
1.413448444509413e-06
0.5746275782585144
0.8189082741737366
0.9998941421508789
0.9857697486877441
0.9999746084213257
0.21046888828277588
0.9998310804367065
0.9991914629936218
0.7789316177368164
0.9999901056289673
0.1904931664466858
0.9995729327201843
0.9999185800552368
0.010151386260986328
0.0030009057372808456
0.9999432563781738
0.9994683861732483
0.15932264924049377
0.25987377762794495
0.9885122776031494
0.9086211919784546
0.9806615114212036
0.9961690306663513
1.5003097360022366e-05
0.9945533275604248
0.9999423027038574
0.999562680721283
0.9974554181098938
0.9999791383743286
8.341733519046102e-06
0.3065003752708435
1.7488730463810498e-07
0.9996547698974609
0.9998915195465088
0.9928151369094849
0.999508261680603
1.9361672457307577e-05
0.9988864064216614
0.5474585890769958
0.008256739936769009
0.9635106325149536
0.008264830335974693
0.9713772535324097
0.004446783568710089
0.9999051094055176
0.958245575428009
0.15974849462509155
0.0003232521121390164
0.9810646772384644
0.9985368251800537
0.999894380569458
0.9994738698005676
0.14832741022109985
0.9999771118164062
0.25956279039382935
0.9985818862915039
0.9999730587005615
0.025217914953827858
0.9999749660491943
0.9981512427330017
0.999224066734314
0.9999260902404785
8.93071701284498e-05
0.22865203022956848
0.999980092048645
0.9900780916213989
0.029090527445077896
0.00025555212050676346
0.002959399251267314
0.9999719858169556
0.512138307094574
0.0009606365347281098
2.735097768891137e-05
0.01924155466258526
0.999902606010437
0.9999262094497681
0.005662117153406143
0.8800927996635437
0.9998481273651123
2.712801688176114e-05
0.8732775449752808
0.999906063079834
0.12816926836967468
0.9993502497673035
0.999446451663971
0.7308692932128906
0.9999709129333496
0.9825068116188049
0.9994643330574036
3.952700717491098e-05
0.9718223214149475
0.9999865293502808
1.8919572539743967e-05
0.998917818069458
2.820046393026132e-05
0.998227059841156
0.46678590774536133
0.9987525939941406
0.9991457462310791
0.9234315156936646
0.11092092096805573
0.8730006217956543
0.9995514750480652
0.9996485710144043
0.8294235467910767
3.990377445006743e-05
0.28251829743385315
0.22872178256511688
0.9998226761817932
4.448407707968727e-06
0.006763703655451536
0.00046896623098291457
0.9992948770523071
0.9999589920043945
0.02814924344420433
0.9878371357917786
0.9995336532592773
0.9994357228279114
1.2231970686116256e-05
7.128637662390247e-06
2.550136514400947e-06
0.9998302459716797
0.01512205321341753
0.9928870797157288
0.9879649877548218
0.39389488101005554
1.7359036064590327e-05
0.9618399143218994
0.9999637603759766
0.9998130202293396
0.0006838398985564709
0.19066765904426575
0.9997580647468567
0.998621940612793
0.7057303786277771
0.9797441959381104
0.5756649971008301
6.429139466490597e-05
0.9999256134033203
0.9363787770271301
1.924110165418824e-06
0.004003993701189756
0.9799096584320068
0.0007660010014660656
0.9999430179595947
0.9998904466629028
0.9019134044647217
4.043041917611845e-05
0.9998778104782104
0.008702186867594719
0.011735311709344387
0.9998509883880615
0.9998026490211487
0.9968993663787842
5.494441938935779e-05
0.999235987663269
0.9413172602653503
0.9991268515586853
0.9263125658035278
0.9999489784240723
0.9927823543548584
0.999871015548706
0.9999667406082153
0.9859161972999573
0.0019246662268415093
0.999775230884552
1.3472410955728265e-06
0.9996259212493896
0.9999650716781616
0.94609135389328
0.0029483723919838667
0.3267018795013428
0.9941019415855408
0.9993613362312317
0.9985291957855225
0.008622458204627037
0.9971274733543396
0.9947766065597534
0.0038698373828083277
8.53263190947473e-05
0.9999469518661499
0.9986193180084229
7.758045285299886e-06
1.909089178298018e-06
0.0009830587077885866
0.14765487611293793
0.9997554421424866
0.9758367538452148
0.1479932814836502
0.99979168176651
0.9632009863853455
0.9999366998672485
0.6393470168113708
0.0033338316716253757
0.999976396560669
0.9999457597732544
0.671278178691864
0.9974275231361389
0.9607140421867371
0.9997698664665222
0.7845941781997681
0.7942373752593994
1.795383832359221e-05
0.9994350075721741
0.9997532963752747
0.9999202489852905
0.9086055159568787
0.9999111890792847
0.9993070363998413
0.9130990505218506
0.9997308850288391
9.654671157477424e-05
2.7082289307145402e-05
0.0002762661315500736
0.8321651220321655
5.53580503037665e-06
0.9998416900634766
0.8283560872077942
0.9998028874397278
0.14302857220172882
0.9999642372131348
0.9914917349815369
0.9994194507598877
0.016484826803207397
0.0018383500864729285
0.9999096393585205
0.9973369240760803
0.9919077157974243
0.0002453807392157614
0.95787513256073
0.5985347628593445
0.9998095631599426
0.9985804557800293
0.9998748302459717
0.9482884407043457
0.9996718168258667
0.9998238682746887
0.9795904159545898
0.01705414615571499
0.954563558101654
0.9999797344207764
0.014463987201452255
0.9997894167900085
0.14630261063575745
0.9992209672927856
0.9999204874038696
2.179461716877995e-06
0.5698782801628113
0.9938392043113708
4.3254507886558713e-07
0.999761164188385
0.9996274709701538
0.9997983574867249
0.9979084730148315
0.9996984004974365
0.9996334314346313
0.9502980709075928
3.2404492230853066e-05
0.998801589012146
0.9658266305923462
0.9811348915100098
0.035619981586933136
0.029110964387655258
0.9861196279525757
2.241235506517114e-06
0.901471734046936
0.0205845944583416
0.9999194145202637
0.6030064225196838
0.7605544924736023
8.923767381929792e-06
0.9998773336410522
2.999660500790924e-05
0.9273653030395508
0.9981112480163574
0.9999387264251709
0.9994274377822876
0.9999722242355347
0.9131866097450256
0.9998774528503418
0.9999265670776367
0.9999557733535767
0.4104146361351013
0.029293838888406754
0.9994284510612488
0.6693330407142639
0.9990235567092896
9.164339644485153e-06
3.6013465432915837e-05
0.7795187830924988
0.8124843239784241
0.9996767044067383
7.031365385046229e-05
0.18896739184856415
0.9998817443847656
0.09627068787813187
0.9991828799247742
8.347654329554643e-06
0.981648325920105
0.002407022984698415
2.5655757781350985e-05
0.10529293864965439
0.005922497250139713
0.9795819520950317
0.9989603757858276
3.5464406664686976e-06
0.9778549671173096
2.2163914763950743e-05
0.9994939565658569
0.16083605587482452
0.9998854398727417
0.0016379801090806723
1.0285079042660072e-05
0.9997979998588562
0.008330009877681732
0.0035029074642807245
0.9967347979545593
0.9806699752807617
0.9992433786392212
0.9999449253082275
0.9999641180038452
0.0001480136561440304
0.00018057158740703017
0.002671975176781416
0.0004858854226768017
0.9998192191123962
0.9944096207618713
0.9999516010284424
0.9999065399169922
0.9985417127609253
0.9973633885383606
9.893038622976746e-06
2.9689967959711794e-06
0.9998576641082764
0.9976786971092224
0.005405120551586151
2.5998331693699583e-05
0.9996001124382019
7.3780506681941915e-06
9.800029511097819e-05
0.033772196620702744
0.9841499924659729
0.6448884010314941
0.9999210834503174
3.695909617817961e-05
0.5324982404708862
0.000714405789040029
5.785493704024702e-05
0.000492607825435698
0.999977707862854
0.054129961878061295
1.2199573120597051e-06
0.9938256740570068
0.9998296499252319
0.9661772847175598
0.9909495711326599
9.62956346484134e-06
0.003696621395647526
0.9997076392173767
0.9990424513816833
0.9995670914649963
8.686475894137402e-07
0.9944726824760437
7.811424438841641e-05
0.9999165534973145
0.00018622310017235577
0.9828298687934875
0.1481224000453949
0.8617937564849854
0.9997703433036804
0.00018833106150850654
0.9960824251174927
0.0009637277689762414
0.10894263535737991
0.651929497718811
0.999819815158844
0.9995833039283752
0.9998620748519897
0.8939535617828369
0.0018213114235550165
0.9947721362113953
0.9998706579208374
0.07633789628744125
0.04292977601289749
0.9999337196350098
0.9995391368865967
0.10561520606279373
0.6161934733390808
0.41329434514045715
0.9999785423278809
0.99904865026474
0.999921441078186
0.9978048205375671
0.9999929666519165
0.982874870300293
0.9975153207778931
0.9983452558517456
0.9999107122421265
0.9867255687713623
0.9993969202041626
0.0016501897480338812
0.985355794429779
0.9970498085021973
0.9996021389961243
0.9981181621551514
5.41944837095798e-06
0.0015833111247047782
0.9997397065162659
0.00039572169771417975
0.9998481273651123
1.962710939551471e-06
0.988503634929657
0.9999387264251709
0.00011701816401910037
0.9997344613075256
0.9730755686759949
0.9959261417388916
0.9997238516807556
0.027912266552448273
0.9248778820037842
1.2541424439405091e-05
1.120982960856054e-05
0.9512614607810974
0.9949018955230713
0.9963957667350769
0.999700665473938
3.015432412212249e-06
0.1495482474565506
0.37115052342414856
0.32817864418029785
0.9924902319908142
0.9998856782913208
0.00039961899165064096
0.002359683159738779
0.99664306640625
0.999909520149231
0.9985248446464539
0.9998219609260559
0.9992544054985046
0.9976648092269897
0.9972226619720459
0.999922513961792
0.9999557733535767
0.9991681575775146
0.9999669790267944
0.7957953810691833
0.0006120827165432274
0.9989620447158813
0.9996596574783325
0.9999316930770874
0.9948570728302002
2.0527684228e-06
0.9981606602668762
0.08194778114557266
0.9997022747993469
0.9999384880065918
0.996970534324646
0.9998182654380798
0.0066966405138373375
0.999790608882904
0.9999685287475586
0.9996911287307739
0.9441264867782593
0.0006690762238577008
0.9995244741439819
0.9998248219490051
0.9769266247749329
0.9253111481666565
0.020906396210193634
0.9982465505599976
0.020172173157334328
6.765448006262886e-07
0.22855325043201447
0.9982399940490723
0.0073245251551270485
0.9971948862075806
0.9985625147819519
0.9996985197067261
2.101552354361047e-06
0.993339478969574
0.9070542454719543
0.9966394901275635
0.12333296984434128
0.9997742772102356
0.9998440742492676
0.998536229133606
0.9141367673873901
4.044995876029134e-06
0.9994301199913025
0.9997895359992981
7.547630957560614e-05
0.999981164932251
0.9997549653053284
0.8442426919937134
0.9999090433120728
0.999380350112915
0.18544195592403412
0.9999299049377441
0.8768860697746277
0.00014386425027623773
0.9988522529602051
0.9998435974121094
0.9986838698387146
0.05739447474479675
0.4984755516052246
0.999826967716217
0.9699251055717468
0.9999431371688843
0.539775013923645
0.05348143354058266
0.017594002187252045
0.8309453129768372
0.00012941975728608668
0.9677996635437012
0.9995594620704651
0.999897837638855
0.9998276233673096
0.9997145533561707
0.4468136429786682
0.9995461106300354
0.999783456325531
0.002490669023245573
4.066447581863031e-05
0.9999091625213623
0.04634092375636101
0.013144396245479584
5.6670607591513544e-05
0.9975317716598511
0.1017766073346138
0.8501132130622864
9.457012311031576e-06
0.9835066795349121
3.743356137420051e-05
0.8475741147994995
0.979516327381134
0.9996815919876099
0.9741093516349792
0.0013261637650430202
0.341060608625412
0.5613985061645508
0.9999598264694214
0.027517074719071388
0.999695897102356
1.4850499610474799e-05
0.9968751668930054
3.433927759033395e-06
0.00016237323870882392
9.867602057056502e-05
0.9988100528717041
0.1405947357416153
0.014910276979207993
0.6126494407653809
0.5793176889419556
0.022342480719089508
0.9999771118164062
0.9846398830413818
3.940155693271663e-06
0.25802868604660034
0.8479371070861816
5.824250592922908e-07
0.9221835136413574
0.9974730610847473
0.9967435002326965
0.024513963609933853
0.00024331982422154397
0.00012498376599978656
0.9976551532745361
0.0049309213645756245
0.9999955892562866
0.997802197933197
1.4533856301568449e-05
0.9997488856315613
0.07572659850120544
0.00042972821393050253
0.9992141723632812
0.02565729059278965
0.9104564785957336
0.9999831914901733
0.9999791383743286
0.9939822554588318
0.9703997373580933
0.9999680519104004
0.9480148553848267
0.9980960488319397
0.6044305562973022
0.9935425519943237
0.9964829683303833
0.9999479055404663
0.12614135444164276
0.7092650532722473
0.9997557997703552
3.447433846304193e-05
0.9997411370277405
0.00011375494068488479
0.9995754361152649
0.9994978904724121
0.00023850964498706162
5.0309063226450235e-05
0.9961646795272827
0.9910592436790466
0.9977855682373047
0.9995957016944885
0.9867975115776062
0.8122667074203491
3.4817628602468176e-06
0.005516659468412399
0.9994410872459412
0.9999264478683472
0.9928402900695801
0.00012120798055548221
0.9783324599266052
0.9997857213020325
0.9985637068748474
1.0611234756652266e-05
0.007691984996199608
0.9999586343765259
0.999990701675415
0.0010818493319675326
0.9981139898300171
0.0016729156486690044
0.9972514510154724
3.6395099414221477e-06
0.9999758005142212
0.04443372040987015
0.9997492432594299
0.9998738765716553
0.9977154731750488
0.9997270703315735
7.270174933182716e-07
0.9997962117195129
0.9997434020042419
0.9999697208404541
4.095924668945372e-05
0.43806174397468567
0.9992400407791138
0.9995470643043518
0.9997617602348328
0.0003646670375019312
0.9991424083709717
0.9995192289352417
0.0008320346823893487
0.4894956350326538
0.9998866319656372
0.9996515512466431
0.8562731742858887
0.998955249786377
0.9429893493652344
0.9984606504440308
0.0001728445931803435
1.7034362826962024e-05
0.0004484929668251425
0.1913830041885376
0.9991913437843323
0.998702883720398
0.9963635802268982
0.9999428987503052
0.9997299313545227
0.9999804496765137
0.07890988886356354
0.9568888545036316
0.992771327495575
0.9965773224830627
0.6738569736480713
1.9053142750635743e-05
0.0007829727255739272
0.9872003793716431
0.9953828454017639
0.4137985110282898
0.8621229529380798
0.7355734705924988
0.999904990196228
0.9999936819076538
0.00019387049542274326
0.001042518182657659
0.9972756505012512
0.9990986585617065
0.0023506246507167816
0.9989160299301147
0.9998595714569092
0.9999711513519287
0.9963144659996033
0.8192947506904602
0.11442304402589798
0.008707499131560326
0.9994397759437561
0.9999088048934937
0.9999703168869019
0.05693017318844795
0.9672321677207947
0.04495356231927872
0.9938795566558838
0.999883770942688
0.0007216476951725781
0.950810968875885
0.9810266494750977
0.9980498552322388
0.9993904829025269
0.9998891353607178
0.9995954632759094
0.9999617338180542
0.023979801684617996
1.4469782399828546e-05
0.9998059868812561
0.9829393625259399
0.9566196203231812
0.011112058535218239
0.9997122883796692
0.09747397154569626
0.9992874264717102
5.303713805915322e-07
0.998948872089386
0.9839005470275879
6.882171874167398e-05
0.20274698734283447
0.999846339225769
0.00011419270595069975
0.9997298121452332
0.9998041987419128
0.3862988352775574
0.9999834299087524
0.9971442818641663
0.9999849796295166
0.9998805522918701
8.374785238629556e-07
0.9886330962181091
0.9980419874191284
0.8635894060134888
0.9998143315315247
0.9582899808883667
0.9988401532173157
0.9985937476158142
0.9994169473648071
0.9962001442909241
0.9696810245513916
0.9830121397972107
0.9336087107658386
0.9999828338623047
0.9967113733291626
0.0004656576202251017
0.9956117272377014
7.21094977507164e-07
0.8806049823760986
0.8365026116371155
0.9404798150062561
0.9999940395355225
0.00039138045394793153
0.9999665021896362
0.9971936345100403
0.9977096319198608
0.5955320000648499
9.069586894838721e-07
0.9986322522163391
0.9996048808097839
0.9999585151672363
4.482088115764782e-05
0.9998620748519897
0.8392220735549927
0.41340747475624084
0.22740158438682556
0.9996404647827148
0.6364074349403381
0.9999387264251709
4.716541297966614e-06
0.9999418258666992
2.098653931170702e-05
0.9350695610046387
0.8665788173675537
0.9977534413337708
0.8707017302513123
0.8395643830299377
0.9992247819900513
0.9999788999557495
0.0022756007965654135
0.9991409778594971
0.9998475313186646
0.017381463199853897
0.0011476862709969282
0.0005573146045207977
0.004558343440294266
0.9995504021644592
0.8875096440315247
0.06326428055763245
0.9983357787132263
0.0008137887343764305
0.994391143321991
0.9999455213546753
0.978723406791687
0.9980358481407166
3.5156148214809946e-07
0.99994957447052
2.408049113000743e-06
0.7184070348739624
0.9999814033508301
0.23739799857139587
0.9999810457229614
4.289635853638174e-06
0.9998775720596313
0.0005573738599196076
0.0007080025388859212
0.020052079111337662
0.9980637431144714
0.9999074935913086
0.023554397746920586
0.9905329942703247
0.024418579414486885
1.0498880328668747e-05
0.9826343655586243
0.9999616146087646
0.999774158000946
0.999930739402771
0.004233808256685734
0.9999649524688721
0.999895453453064
0.9601912498474121
0.9088166952133179
0.9999388456344604
0.9997617602348328
0.0004022518405690789
0.999955415725708
0.999951958656311
0.999824583530426
6.355766799970297e-06
0.9999617338180542
5.911066182306968e-05
4.561296009342186e-06
0.24891239404678345
0.9998703002929688
0.27648282051086426
0.8369457125663757
0.8830433487892151
0.009346600621938705
0.9993639588356018
0.8726763129234314
0.4977014660835266
4.0677001379663125e-05
0.00018860134878195822
0.8816146850585938
0.9999831914901733
0.9999738931655884
0.9979058504104614
0.9873737692832947
0.9997941851615906
0.999935507774353
0.7614887356758118
0.999431312084198
0.05762768164277077
0.2656248211860657
0.999894380569458
1.4172899227560265e-06
0.031821299344301224
0.9999003410339355
0.23792698979377747
0.00015450239880010486
0.015911422669887543
0.0038762541953474283
0.999523401260376
0.9883241653442383
0.9707099199295044
0.05060991272330284
0.012194770388305187
0.9992627501487732
0.08407159894704819
0.997414231300354
0.9999899864196777
3.0050548957660794e-05
0.9998778104782104
0.061774566769599915
0.9999567270278931
0.0002710923145059496
0.15672165155410767
0.999982476234436
0.9994767308235168
0.9994872808456421
0.0007091927691362798
0.8999263644218445
0.9747506976127625
0.9995348453521729
0.9999790191650391
1.2972454896953423e-05
0.0005451049073599279
0.9831255078315735
0.0008583605522289872
0.9999896287918091
0.6362054944038391
0.0021135383285582066
0.9995459914207458
0.9993201494216919
8.68026518219267e-07
0.0005815689801238477
2.4339717128896154e-05
0.9979350566864014
0.9999690055847168
0.9999821186065674
5.774871533503756e-05
0.9806053638458252
9.509573828836437e-06
0.00806945376098156
0.9999752044677734
0.9990224838256836
0.9998660087585449
1.1417497262300458e-05
0.701377809047699
0.9981269240379333
0.9998600482940674
0.9986217021942139
1.8488413843442686e-05
0.9981518387794495
0.1417851746082306
0.9996908903121948
0.4499037563800812
0.999982476234436
0.970720112323761
0.9996875524520874
3.058784841414308e-06
2.2947019715502393e-06
0.9999470710754395
0.9998571872711182
0.999984860420227
5.916520876780851e-06
0.9997867941856384
0.9982210993766785
0.9992032647132874
0.9389588832855225
0.9998162388801575
0.004177440889179707
0.0030248253606259823
2.944080051747733e-06
0.10420473664999008
0.9998527765274048
0.9982471466064453
0.9988148212432861
7.210723538264574e-07
0.9999039173126221
0.08018431812524796
0.9998509883880615
0.9982889294624329
2.64162736129947e-05
0.4622151255607605
0.0011117375688627362
0.9079328775405884
0.9880456328392029
0.9992976188659668
0.2930397093296051
0.16581913828849792
0.9999450445175171
0.9995478987693787
0.9593510627746582
0.5817580223083496
0.99880051612854
1.4402364286070224e-05
0.004751268308609724
0.9998730421066284
0.2682114541530609
1.2975259551240015e-06
0.29337427020072937
0.9986477494239807
2.095542185998056e-06
0.7718048095703125
0.9999806880950928
0.0005722382920794189
0.9998685121536255
0.01482430100440979
0.9975115060806274
0.9972787499427795
0.9999053478240967
0.9986226558685303
0.9948866963386536
0.9966220855712891
0.9999428987503052
0.9995790123939514
0.9929577112197876
0.9987967014312744
0.9995914101600647
0.8929648399353027
0.009904224425554276
0.06804558634757996
9.601575584383681e-06
0.9996297359466553
0.04828181117773056
0.9779144525527954
0.9998830556869507
0.999977707862854
0.9958230257034302
0.99928879737854
5.82423353989725e-07
0.000453620043117553
0.982579231262207
0.9996238946914673
0.16973373293876648
0.18985892832279205
0.9998805522918701
0.8687989115715027
0.9999799728393555
0.9998444318771362
0.9998586177825928
0.9405714869499207
0.03159868344664574
1.309619710809784e-05
0.00044239108683541417
0.8829929828643799
0.9997854828834534
0.7696857452392578
0.0393713116645813
0.8629187345504761
0.0017609279602766037
0.9444331526756287
0.9999898672103882
0.020590363070368767
2.2183367320849356e-07
0.9763245582580566
0.9974728226661682
6.819720965722809e-06
0.9996638298034668
0.9991793036460876
0.45405450463294983
0.001499795587733388
0.9979567527770996
0.0007720870198681951
0.9941859245300293
0.007833058014512062
0.9997281432151794
0.9642602205276489
0.9983235001564026
1.3695675079361536e-05
0.9995494484901428
1.1980431736446917e-05
0.005188947543501854
0.9991807341575623
0.9995569586753845
0.7898974418640137
0.0003432821249589324
0.9997497200965881
0.9999289512634277
0.9991453886032104
0.9968777894973755
0.9999059438705444
0.8356219530105591
0.08174800872802734
9.216502803610638e-05
0.9999555349349976
0.9988287091255188
0.9825917482376099
0.9933252334594727
0.011248059570789337
0.9999792575836182
0.00012253360182512552
0.30719149112701416
0.9994155168533325
0.9985824823379517
0.8785345554351807
0.9989751577377319
0.8030617237091064
0.9998941421508789
0.9999305009841919
0.35763734579086304
0.9480716586112976
0.00011335883755236864
0.9724516272544861
0.9515570402145386
0.9998034834861755
0.9934480786323547
0.9585903882980347
0.9180753827095032
0.9723821878433228
0.35996493697166443
0.7951369285583496
0.2612106204032898
0.9864583611488342
0.8454480171203613
0.0003599491319619119
0.9999662637710571
0.9996084570884705
0.9951362013816833
0.9623885750770569
0.0018851686036214232
0.9997356534004211
0.9998161196708679
0.9989503026008606
0.9999352693557739
0.006973763927817345
0.9800407886505127
0.11177808046340942
0.9988603591918945
0.00013664971629623324
0.9900484085083008
0.9940288066864014
0.6700501441955566
9.853168739937246e-05
0.9923619031906128
0.040343206375837326
1.2288679727134877e-06
0.9977206587791443
0.9999849796295166
0.9986542463302612
0.9878990054130554
0.9975016713142395
0.9990615248680115
0.9996875524520874
0.9999697208404541
0.11636760085821152
0.9998247027397156
0.9994451403617859
0.9968652129173279
0.9933279752731323
0.9860072135925293
1.0119620128534734e-05
0.0007146958378143609
0.9999444484710693
0.9998821020126343
0.7341561913490295
2.182794014515821e-05
0.9999568462371826
0.9998291730880737
0.9985302686691284
3.2951031698758015e-06
0.9976707100868225
0.9770514369010925
0.9996258020401001
0.20700059831142426
0.5929481983184814
0.0009373690700158477
0.9967081546783447
0.9956717491149902
0.00022373143292497844
0.05904817953705788
0.9996311664581299
0.9998350143432617
0.5446028709411621
0.9996034502983093
0.9999849796295166
0.00024740121443755925
0.1184178963303566
0.8720912337303162
0.9999135732650757
0.24062152206897736
0.9995525479316711
3.9335158362518996e-05
0.9997391104698181
0.0002785812539514154
0.19399034976959229
0.9402936697006226
1.638733192521613e-05
0.9998990297317505
0.9996411800384521
0.0031507050152868032
7.683041621930897e-05
0.9999434947967529
0.9999037981033325
0.9992542862892151
0.999478280544281
0.12076397985219955
0.9973356127738953
0.9996991157531738
0.9919770359992981
0.9928838014602661
0.9989860653877258
0.9986598491668701
0.9999818801879883
0.9997287392616272
0.02145194448530674
0.9999511241912842
0.9998140931129456
0.9993791580200195
0.9999939203262329
0.2517291009426117
0.7774301171302795
0.4691561758518219
8.6426422058139e-05
0.9998433589935303
0.0004746943013742566
0.0008783481898717582
0.7805267572402954
0.0003810558991972357
0.9999046325683594
0.9977637529373169
0.9885585308074951
0.5516320466995239
0.9998717308044434
0.9330032467842102
0.1840096265077591
0.002898489125072956
0.9999395608901978
0.6753062605857849
0.8804728984832764
0.9995490908622742
0.999968409538269
0.9999308586120605
0.9999737739562988
0.9998880624771118
0.9984608888626099
0.9999779462814331
0.9980668425559998
1.6495881936862133e-05
0.9976200461387634
0.00022830022498965263
1.3608343579107895e-05
0.9996778964996338
0.005162335466593504
0.9973368048667908
0.9999516010284424
0.9809373021125793
0.9998189806938171
0.2374858260154724
0.9995124340057373
0.014102915301918983
0.007361537776887417
0.5568326115608215
0.8356818556785583
0.999976396560669
0.9935324192047119
0.00047173499478958547
0.9993138313293457
0.9998645782470703
0.999609649181366
0.9999936819076538
0.999790608882904
0.9977713823318481
0.18463532626628876
0.9968495965003967
0.9949716329574585
0.8564246296882629
0.5604850053787231
0.9995381832122803
0.0028927370440214872
0.3270316421985626
0.989683985710144
0.9933961033821106
0.9970970153808594
0.89415442943573
0.8131703734397888
2.152350134565495e-05
0.9999736547470093
0.9995748400688171
0.5520985126495361
0.001778310164809227
0.12316768616437912
0.516821026802063
6.399658900591021e-07
7.70478891354287e-06
0.9857266545295715
0.9775794148445129
0.9999449253082275
0.999910831451416
0.024860667064785957
0.0001253993104910478
0.9574744701385498
0.9997933506965637
0.00017488902085460722
0.9738926887512207
0.9980124235153198
0.9915351867675781
5.05199341205298e-06
0.9864684343338013
0.03826203942298889
0.9984625577926636
0.9991018772125244
0.9904210567474365
0.9264639019966125
0.9981281161308289
0.7533674836158752
0.7224323153495789
0.9995927214622498
0.5002065896987915
0.00014889711746945977
0.9997068047523499
0.9997400641441345
7.678449765080586e-05
0.999263346195221
0.03317009657621384
0.6937328577041626
0.9999793767929077
0.9965885877609253
0.9998258948326111
0.9996705055236816
8.38356718304567e-05
0.99955815076828
0.0007360373274423182
0.09982973337173462
0.9859160780906677
0.00011936022929148749
0.9796426892280579
7.521125371567905e-05
0.9998791217803955
0.05114992707967758
0.09688345342874527
0.9989663362503052
0.9999556541442871
0.9981618523597717
0.9913343787193298
0.13015949726104736
0.5675550699234009
0.6678155660629272
0.9996610879898071
0.9999473094940186
0.9886863231658936
0.8225526809692383
0.9557602405548096
0.9999910593032837
0.8924470543861389
0.9999547004699707
1.1518519386299886e-05
0.9909833669662476
0.9999897480010986
0.9998005032539368
0.9989136457443237
0.9994182586669922
0.9998496770858765
0.9999594688415527
0.9999896287918091
0.08525552600622177
1.6746241726650624e-06
1.9432479803072056e-06
0.9987611770629883
0.9977490305900574
0.9997096657752991
0.5547016859054565
0.49125558137893677
0.997996985912323
0.00019903200154658407
0.9998925924301147
0.9997958540916443
0.9997642636299133
0.9944838881492615
0.0009357811650261283
0.0029717993456870317
0.9999759197235107
0.9888957738876343
0.9999638795852661
0.9999709129333496
0.9984439015388489
0.9992073178291321
0.9448463916778564
0.000119348282169085
0.9987733960151672
0.9996926784515381
1.1353761692589615e-05
0.01565607078373432
0.948969304561615
0.9960567951202393
0.9997246861457825
0.9997627139091492
0.9981014132499695
0.823494553565979
0.9999814033508301
1.448263589054477e-07
0.19993501901626587
0.01639987900853157
0.61965411901474
0.9363762140274048
0.9999185800552368
0.09975290298461914
0.9626390337944031
0.898235023021698
0.9999657869338989
0.00030357076320797205
0.2530357539653778
0.9765453934669495
0.0031844626646488905
1.696680556051433e-05
0.9051663875579834
0.9996806383132935
0.9895102977752686
3.481496241874993e-05
0.4312492311000824
0.9960082769393921
0.02885976992547512
0.9999769926071167
0.9932841062545776
0.9663179516792297
0.9999874830245972
0.047226909548044205
8.100354898488149e-05
0.9485611319541931
0.00013796909479424357
0.41305944323539734
0.9978834986686707
0.0006316647049970925
0.9997493624687195
0.9999586343765259
0.9999243021011353
0.36769965291023254
0.9998584985733032
0.8698493838310242
0.9986323714256287
0.9788519144058228
0.999947190284729
2.682854301383486e-06
0.9875849485397339
0.9999264478683472
0.998976469039917
0.0011512888595461845
3.7770382732560392e-06
0.9926902651786804
0.9999250173568726
0.9984816908836365
0.4388425946235657
0.9998670816421509
0.9931290149688721
0.999862790107727
0.9953199028968811
0.9996498823165894
0.0006705414853058755
0.9827191829681396
0.9837761521339417
0.283812552690506
0.9999840259552002
0.9997209906578064
0.9990166425704956
0.9503490924835205
0.9995700716972351
0.5596627593040466
0.40906646847724915
0.9998610019683838
0.9929231405258179
0.9646319150924683
0.9900811314582825
0.00020007201237604022
0.9935684204101562
0.13754531741142273
0.9965594410896301
0.9962792992591858
0.03264913335442543
0.0014067025622352958
0.11754658073186874
0.9823870658874512
0.9323288202285767
0.9999902248382568
0.9972827434539795
0.6411706805229187
0.9995669722557068
0.9999722242355347
0.3800528049468994
4.526592601905577e-05
0.9998928308486938
1.2774120250469423e-06
0.05709778144955635
0.03097885102033615
0.6909505724906921
0.9920352101325989
0.7793380618095398
0.9999250173568726
0.8971962332725525
0.9999840259552002
0.600894570350647
0.030411571264266968
0.9989660978317261
0.9983994364738464
0.8496764302253723
0.17069943249225616
0.9847515225410461
0.0011639035074040294
0.9997223019599915
0.9999740123748779
0.9940720200538635
0.0022046722006052732
0.24234400689601898
0.9793742895126343
0.019640596583485603
0.9983862638473511
0.10083546489477158
5.8593992434907705e-05
0.998924195766449
0.9990091323852539
0.99992835521698
0.002202351111918688
0.9542511105537415
0.9977561831474304
0.9810928702354431
0.9588921666145325
0.9983805418014526
0.9800841808319092
0.8324211835861206
0.0016607185825705528
0.00040378744597546756
0.00012980017345398664
0.6455230116844177
0.9999549388885498
1.215268298437877e-06
0.8623843789100647
0.9998782873153687
0.9977174997329712
0.0005088862963020802
0.9995242357254028
0.5259419083595276
0.9982028007507324
0.9936559200286865
0.0001504939136793837
0.9996938705444336
0.9996501207351685
0.9992807507514954
0.9997346997261047
0.9997076392173767
7.217116217361763e-05
0.054319825023412704
0.9883291721343994
0.99992835521698
0.989962100982666
9.248933565686457e-06
0.9997381567955017
0.18937258422374725
0.12797875702381134
0.9999200105667114
3.710307282744907e-05
0.9383602142333984
0.08114228397607803
0.9998621940612793
0.9706853032112122
1.0157173164770938e-06
0.9984619617462158
2.8598428798431996e-06
0.998824417591095
0.0013105901889503002
0.9979257583618164
4.598903615260497e-05
0.998333752155304
0.999599277973175
0.9938716888427734
0.4978399872779846
2.540380705795542e-07
0.27810171246528625
0.9412078261375427
0.977205753326416
0.9999417066574097
0.9978616833686829
0.9998089671134949
0.005246127489954233
0.9990425705909729
0.999355137348175
0.9969346523284912
7.407612883980619e-06
0.9999061822891235
0.9999040365219116
0.9987265467643738
0.9998501539230347
0.9494115114212036
0.0019095651805400848
0.9993867874145508
0.9997721314430237
4.608764356817119e-05
0.0007914259913377464
0.9996022582054138
0.8438009023666382
0.0029717173893004656
0.9949743747711182
0.9994853734970093
0.6258864998817444
0.9998990297317505
0.5204731225967407
0.0013035049196332693
0.9999839067459106
0.9390150904655457
0.9923587441444397
0.7884194850921631
2.9274047847138718e-05
0.9998942613601685
0.38596227765083313
0.9999709129333496
0.939265251159668
6.791530176997185e-05
0.996698260307312
0.9999918937683105
0.9954802989959717
0.0005209505325183272
0.9999902248382568
0.9817088842391968
0.9997090697288513
0.9990764856338501
0.4698319435119629
0.014909150078892708
0.2505616843700409
0.9989468455314636
1.5161878764047287e-05
0.9871756434440613
0.9999476671218872
0.9929137229919434
0.9997995495796204
0.9947169423103333
0.9850505590438843
0.9999861717224121
0.9931394457817078
0.18555554747581482
0.9999345541000366
0.009062250144779682
0.9945045113563538
0.03754105418920517
0.0035455648321658373
0.04243522509932518
0.9997722506523132
0.9994668364524841
8.236337453126907e-05
0.6241611242294312
9.742068868945353e-06
0.8573986291885376
0.9026174545288086
0.9822540879249573
0.9962133765220642
0.008528146892786026
0.9991956353187561
0.03509486839175224
0.9800891876220703
0.9839776158332825
0.9993256330490112
0.8557792901992798
0.9915252327919006
6.256779306568205e-05
0.9990959167480469
0.9993891716003418
2.3996559320949018e-05
0.9988889098167419
0.9996480941772461
0.00012168637476861477
0.9767320156097412
8.422462269663811e-05
4.060676474182401e-06
0.9369392395019531
0.9991278052330017
0.9879820942878723
0.961694598197937
0.9999127388000488
0.0045280903577804565
0.0011869824957102537
0.999881386756897
0.9999816417694092
8.215685056711663e-07
0.9999842643737793
0.9778407216072083
0.9943044781684875
0.9944104552268982
0.4758794605731964
2.5001085305120796e-05
0.9997422099113464
0.00866785366088152
0.4442702829837799
7.787935464875773e-05
0.9997939467430115
0.9997608065605164
0.9991401433944702
0.9993749260902405
0.9999138116836548
0.038063473999500275
0.8520346283912659
0.9969791173934937
0.015352093614637852
0.328817218542099
0.9992610812187195
0.9999734163284302
0.9995379447937012
0.0005160075961612165
0.00017517490778118372
0.25115182995796204
0.9908801317214966
0.001022754586301744
0.9999769926071167
1.716786573524587e-05
4.9369322368875146e-05
0.998033344745636
0.9693068265914917
0.99395751953125
0.9849091172218323
0.9986675977706909
0.9999765157699585
0.9998366832733154
0.9815255403518677
0.1919785887002945
0.9994389414787292
0.999994158744812
0.6559603214263916
0.1074930801987648
0.9993984699249268
0.021386783570051193
0.00017736488371156156
0.9497359991073608
0.8798544406890869
0.8352409601211548
0.061977818608284
0.9994303584098816
0.9974218606948853
0.9993517994880676
0.9943760633468628
0.9902804493904114
0.007441934663802385
7.530563016189262e-05
0.9997290968894958
0.9999947547912598
0.9998718500137329
0.9975613355636597
0.94680255651474
0.9985260367393494
0.3718182444572449
0.9571785926818848
0.9818614721298218
0.00010430578549858183
0.9986317753791809
0.9927564263343811
0.5136116743087769
0.9999339580535889
0.9997788071632385
0.9977142810821533
0.001085492316633463
0.057646799832582474
0.926615834236145
0.5824906229972839
0.008883441798388958
0.9997256398200989
0.9939613342285156
0.9999833106994629
0.00016936019528657198
0.9999574422836304
0.9979956150054932
0.5515144467353821
0.9347259402275085
0.9918644428253174
0.999583899974823
0.09533321857452393
0.9576741456985474
1.7915755279318546e-06
0.9999376535415649
0.9977433681488037
0.9998784065246582
0.0013726908946409822
0.9924106597900391
0.9449237585067749
0.999977707862854
0.999994158744812
0.9991769194602966
0.9925225377082825
0.9998167157173157
0.0011158017441630363
0.5281208157539368
0.9996616840362549
0.9999481439590454
0.9901461005210876
2.4192442651838064e-05
0.0006308624870143831
0.9996191263198853
0.06645597517490387
0.9750814437866211
0.00028960476629436016
0.9531327486038208
0.9952875375747681
0.9855109453201294
0.5163412690162659
0.11048150807619095
0.9996298551559448
0.0008301565540023148
0.9192157983779907
0.9995706677436829
0.18035584688186646
0.9921321272850037
0.999919056892395
0.9998335838317871
0.00010931015276582912
6.932131509529427e-05
0.9882021546363831
0.4313104748725891
0.9985456466674805
0.9951083064079285
0.23293541371822357
0.9999269247055054
0.9997598528862
0.06676346808671951
3.0698693080921657e-06
0.9950078725814819
0.8685222864151001
0.0006564598297700286
0.9999573230743408
0.9999806880950928
0.0023602352011948824
0.9976204037666321
0.9998356103897095
0.02514244243502617
0.9999569654464722
0.9999890327453613
0.40981948375701904
0.997917115688324
0.2717956006526947
0.35315531492233276
0.9860557317733765
0.9984326958656311
0.9805128574371338
0.91765296459198
0.6869105696678162
0.9999176263809204
0.29102495312690735
0.999305248260498
0.8223757743835449
0.9998711347579956
0.6351332068443298
0.00013978128845337778
0.0019603888504207134
3.5602261050371453e-06
0.0007032626890577376
0.9998807907104492
2.1673615719919326e-06
0.9998260140419006
0.9905569553375244
0.9997380375862122
0.00040076920413412154
0.0001128522417275235
0.9999518394470215
0.9999774694442749
0.00010114680480910465
0.9983781576156616
0.9999164342880249
0.9856027364730835
0.9999544620513916
0.018623342737555504
0.008930588141083717
0.9997122883796692
0.9997561573982239
0.8825814127922058
0.9630578756332397
0.9997157454490662
0.9996678829193115
1.8038338112091878e-06
0.9977214932441711
0.09604639559984207
1.0684015023798565e-06
0.9891536831855774
0.6362301707267761
0.00013314283569343388
0.9999479055404663
0.9997162222862244
0.0004877067403867841
0.9990071654319763
0.9999260902404785
0.5325050950050354
0.9998587369918823
0.7838709354400635
0.9948868155479431
1.777044963091612e-05
0.9989018440246582
0.9999042749404907
0.7975801229476929
0.9999104738235474
2.7936855531152105e-06
0.0789605975151062
0.7305431365966797
0.9999014139175415
0.9982969164848328
9.365342634737317e-07
0.9146456122398376
0.9823526740074158
0.018329357728362083
0.05494241416454315
1.7767773897503503e-05
0.9784917831420898
0.9999858140945435
0.999150276184082
0.9996752738952637
0.021268686279654503
0.5228972434997559
0.9876463413238525
0.9928648471832275
0.998932421207428
0.018425235524773598
0.32544898986816406
0.9994878768920898
0.9996339082717896
0.9950445890426636
0.9948135614395142
0.8434579968452454
0.00030162601615302265
0.8073942065238953
0.8987652063369751
0.99988853931427
0.3206178545951843
0.9999134540557861
0.11011124402284622
0.023076411336660385
0.9999105930328369
0.9992548823356628
0.1906488984823227
0.9998252987861633
0.9940674304962158
0.8618878722190857
0.5514443516731262
0.9998272061347961
0.9953963160514832
0.5260543823242188
0.00012295319174882025
0.999984860420227
0.9893240332603455
0.9665044546127319
0.9785807132720947
0.9999492168426514
0.9995689988136292
0.28101861476898193
0.999961256980896
3.504324581626861e-07
0.9965325593948364
0.009789102710783482
0.9998568296432495
0.0001961175730684772
0.15170052647590637
0.9997614026069641
0.006298013962805271
0.9997583031654358
0.9999841451644897
0.008953314274549484
0.21462874114513397
0.9998904466629028
0.9867900013923645
0.9896649718284607
0.9927012920379639
0.9991625547409058
0.4674195647239685
0.8503113389015198
0.999549925327301
0.12315180897712708
0.9997556805610657
0.9818727374076843
0.19006192684173584
0.9997736811637878
0.9999874830245972
0.997046172618866
4.350581548351329e-06
0.9999376535415649
0.8061273694038391
0.028890913352370262
0.01941465586423874
0.9971197843551636
0.7998014092445374
0.9999901056289673
0.9957270622253418
0.05787305161356926
0.9784916639328003
0.8768163323402405
0.07999511063098907
0.9903972148895264
0.9996551275253296
0.0089576980099082
0.9999445676803589
0.9997740387916565
0.999931812286377
0.8272421956062317
0.9998815059661865
0.9979934692382812
0.9999477863311768
0.9986434578895569
0.0002754032611846924
0.9903907775878906
0.7186628580093384
0.9998910427093506
0.9988600015640259
0.999281108379364
0.9998654127120972
0.9982954859733582
0.5139713883399963
0.996187150478363
0.5881686210632324
0.9995331764221191
0.02073139138519764
0.9926263689994812
0.7232136130332947
0.9999655485153198
0.9999417066574097
0.3869519531726837
0.0732034370303154
0.9992669224739075
0.9999392032623291
0.9951356053352356
0.9997228980064392
0.9998164772987366
0.933482825756073
0.9952098727226257
0.9999628067016602
0.9938573241233826
0.9999122619628906
0.9870499968528748
0.9998874664306641
0.9998499155044556
0.9974385499954224
0.9989750385284424
0.9989092350006104
0.9991661310195923
0.4950958788394928
5.6510001741116866e-05
0.9770241379737854
0.9999840259552002
0.13490018248558044
0.9997619986534119
0.998806357383728
0.9999536275863647
0.9978983402252197
0.9997921586036682
0.9993176460266113
0.7075286507606506
0.9984564781188965
9.047506864590105e-06
0.0004266706819180399
0.11577655375003815
0.9646279215812683
0.9059593081474304
0.9145349264144897
0.7682954668998718
0.22232173383235931
0.018669210374355316
0.9349328875541687
9.60851593845291e-07
0.8729649186134338
0.5303183794021606
0.9997076392173767
1.1670387721096631e-05
0.9999831914901733
0.9999821186065674
0.9998871088027954
0.06332259625196457
0.9812638759613037
0.0016024725046008825
0.9917623996734619
0.9996005892753601
0.9997865557670593
0.9992714524269104
0.01316336914896965
0.009505191817879677
0.9964002370834351
0.0008352104341611266
0.8688454627990723
0.9993501305580139
0.9930301308631897
0.9805207252502441
0.9996351003646851
0.43681299686431885
0.9631038904190063
0.6879000663757324
0.9987524747848511
0.9728865027427673
0.9999550580978394
0.7637943029403687
5.990277713863179e-05
0.9990808963775635
0.9996346235275269
0.005459388252347708
0.9997052550315857
0.9993892908096313
0.9887365698814392
0.7705223560333252
0.007957182824611664
0.00011777019972214475
0.0028799520805478096
0.9998503923416138
0.04860582575201988
0.9999009370803833
0.003965270705521107
0.9997051358222961
0.9830291867256165
1.5258221537806094e-05
0.9999597072601318
0.9998539686203003
0.9999711513519287
0.597346305847168
0.9924647808074951
0.9981885552406311
0.9992995262145996
0.8701041340827942
0.0008195871487259865
0.9998331069946289
0.9967933297157288
0.9993842840194702
0.9982811212539673
0.9919048547744751
0.003409269265830517
0.9998743534088135
0.9998292922973633
0.02048935554921627
0.1759878545999527
0.9991558790206909
0.9994072914123535
2.0486657376750372e-05
0.08380397409200668
0.020768363028764725
0.00016138475621119142
0.996269702911377
0.9071264863014221
0.9995075464248657
0.9998757839202881
0.9781594276428223
0.006675513926893473
0.9562363028526306
0.9413877129554749
0.9998339414596558
0.00011192864621989429
0.9999759197235107
0.9982975125312805
0.012784993276000023
0.9999741315841675
0.9999129772186279
0.6269060373306274
0.028734713792800903
0.9819754958152771
0.909225583076477
0.9099140763282776
0.9960389137268066
0.9996286630630493
0.8352932333946228
0.000129301828565076
0.9999488592147827
0.9998329877853394
0.9440261721611023
0.9966993927955627
0.999972939491272
0.9966191053390503
0.005650644190609455
0.7259113192558289
0.6625980734825134
0.00040930634713731706
0.9996328353881836
0.95833420753479
0.8664483428001404
0.0005178437568247318
0.00040877098217606544
0.06374631822109222
0.9485561847686768
0.6379397511482239
0.997719943523407
0.9845090508460999
0.9966984391212463
0.9999872446060181
0.7879801392555237
0.9997579455375671
0.9953658580780029
0.9996500015258789
0.9631446003913879
0.997896671295166
0.9987795948982239
0.9204290509223938
0.03723768889904022
0.4818927049636841
0.28455474972724915
0.9981385469436646
0.9902253746986389
0.9999147653579712
0.5552880764007568
0.0437500923871994
0.9972648620605469
2.691305780899711e-05
0.9999191761016846
6.298973312368616e-05
0.9995980858802795
0.9546024203300476
0.007611417211592197
0.9753509163856506
0.9990622401237488
9.379400580655783e-06
0.9999760389328003
3.647296762210317e-05
0.9997650980949402
0.9238889813423157
0.8898075222969055
0.4418235421180725
5.263274215394631e-05
0.9997099041938782
0.9999712705612183
0.993901252746582
0.9999138116836548
0.9999561309814453
0.9723268747329712
0.9999234676361084
0.9998735189437866
0.9999222755432129
0.9518126845359802
0.9329559206962585
0.779511570930481
0.9962610602378845
0.9999608993530273
0.9954284429550171
0.999810516834259
0.15870344638824463
0.3925882875919342
0.37383127212524414
0.0006752402405254543
0.0011228786315768957
2.0053263142472133e-05
0.9997816681861877
0.963610827922821
0.9999216794967651
0.0022671439219266176
0.9525828957557678
0.05350932106375694
0.00035215230309404433
0.046063248068094254
0.9993492960929871
7.074086897773668e-05
9.560551916365512e-06
0.9992280006408691
0.9527495503425598
0.9998461008071899
0.9997265934944153
0.9802277684211731
0.9987382292747498
4.590428034134675e-06
0.9996544122695923
0.7993085980415344
0.3059149980545044
0.9996192455291748
8.489795391142252e-07
0.9614255428314209
0.9923960566520691
0.9997976422309875
4.901223292108625e-06
0.9991098046302795
0.9993842840194702
0.9704356789588928
0.000650238071102649
0.9968088269233704
0.44735071063041687
6.83160760672763e-05
0.3428937792778015
0.9795325398445129
0.9999293088912964
0.20003077387809753
0.9995675683021545
0.9999405145645142
0.9970044493675232
5.827425775351003e-05
0.0005433557671494782
0.9999804496765137
2.3154552764026448e-05
0.9999939203262329
0.004625764209777117
0.5107525587081909
0.13051632046699524
0.7882681488990784
0.997150719165802
0.828709602355957
0.2531590163707733
0.9999302625656128
0.9658337235450745
0.9997740387916565
0.9982450008392334
0.9999748468399048
0.9988365769386292
0.9998375177383423
0.9999445676803589
0.9395731687545776
0.9992420673370361
0.871477484703064
0.580079972743988
0.999981164932251
0.9994995594024658
0.9998006224632263
0.8972615003585815
0.11412909626960754
0.9847050905227661
0.9990994930267334
1.518982003290148e-06
0.013406684622168541
0.11150817573070526
0.005561514291912317
0.9507514238357544
0.22947415709495544
0.9605738520622253
0.9201893210411072
0.002715085865929723
0.9011483788490295
0.989690899848938
0.996986448764801
0.992922306060791
0.9938992261886597
2.6518448066781275e-05
0.8493364453315735
0.6216802597045898
0.9999781847000122
0.8375100493431091
0.012805387377738953
0.4510676860809326
0.9347671866416931
0.9997201561927795
2.311126809217967e-05
0.9999775886535645
0.9989101886749268
0.9985820055007935
0.9998015761375427
0.09917070716619492
0.005087450612336397
0.9762544631958008
1.6266816601273604e-05
0.9932711720466614
0.9874368906021118
0.9897638559341431
0.9999884366989136
0.0003340870898682624
0.9497382640838623
0.1373201459646225
0.8331994414329529
9.324684469902422e-06
0.9995049238204956
0.00021393975475803018
0.015343301929533482
0.018152698874473572
0.7528042793273926
0.3607189655303955
0.9978062510490417
8.750275446800515e-05
0.9990930557250977
0.022731397300958633
0.3074135482311249
0.9994615912437439
0.9998375177383423
0.8664171695709229
0.9948227405548096
0.9927731156349182
0.00039011656190268695
0.05322224274277687
0.0052140625193715096
0.9788878560066223
0.0034372820518910885
0.0011293967254459858
0.00015679535863455385
0.9996355772018433
0.999987006187439
0.9991307854652405
0.9997159838676453
3.4175543987657875e-05
0.9332534074783325
0.39087438583374023
0.9957942962646484
0.9968624114990234
0.9999208450317383
0.6783616542816162
4.336790880188346e-06
0.9995912909507751
0.9997386336326599
0.9989407658576965
0.999521017074585
3.06445435853675e-05
0.999940037727356
0.012214096263051033
0.999915599822998
0.9993681311607361
0.0040392498485744
0.7148019075393677
0.04265490919351578
0.1483863890171051
0.39562100172042847
9.465872608416248e-06
0.9995349645614624
0.0018377526430413127
2.384438175795367e-06
0.9880782961845398
9.454903988626029e-07
0.00017300106992479414
0.0038285262417048216
0.999458372592926
8.581919246353209e-05
0.9997072815895081
0.00021009612828493118
0.9999892711639404
0.017099354416131973
0.9997543692588806
0.0021308192517608404
0.9999425411224365
0.9932137727737427
0.9999802112579346
0.9999538660049438
0.0008233123226091266
0.9797006845474243
1.310660536546493e-05
0.030023083090782166
0.9999610185623169
0.9628705382347107
0.01809910126030445
0.16839967668056488
0.9997575879096985
0.0001364974887110293
0.9986390471458435
0.9998113512992859
0.9962266683578491
0.998860239982605
0.9970255494117737
0.9999533891677856
0.994317352771759
0.5421669483184814
0.5527143478393555
0.9999418258666992
0.0057688141241669655
0.9996869564056396
0.5619519948959351
0.9707884192466736
0.9995291233062744
0.009340879507362843
0.9998475313186646
0.9999927282333374
0.9997618794441223
0.995236873626709
0.9996669292449951
0.998319685459137
4.734838512376882e-06
0.9946275353431702
0.9999817609786987
0.9998502731323242
0.092740997672081
0.9992915391921997
0.9995193481445312
0.9219045639038086
0.0062011657282710075
0.09992687404155731
1.3187435797590297e-05
3.929161266569281e-06
0.992652416229248
0.4177803695201874
0.10922809690237045
2.633192252687877e-06
0.9956444501876831
0.9990013241767883
0.9999901056289673
0.9955050945281982
0.3028983771800995
0.9972020387649536
0.9053097367286682
0.9116809368133545
0.0007009779801592231
0.9996176958084106
0.999810516834259
0.00469908956438303
0.9973044395446777
0.999160885810852
0.999941349029541
0.9999667406082153
0.999823272228241
0.0034041714388877153
0.7081204056739807
3.5711927921511233e-06
0.9999250173568726
0.999885082244873
0.9962977766990662
0.00011929582979064435
0.9888575077056885
0.2128460556268692
0.9916309714317322
0.14148938655853271
0.9996763467788696
0.9998666048049927
0.999297022819519
0.999433696269989
0.9986557960510254
0.9996258020401001
0.9996294975280762
0.9994251728057861
0.9991222023963928
0.9990517497062683
0.792711615562439
0.9996138215065002
0.9994964599609375
0.06783440709114075
0.9979537725448608
0.5512102246284485
0.9468405842781067
0.9999223947525024
0.9999324083328247
0.9973172545433044
0.9988400340080261
0.9903839826583862
0.9999382495880127
0.9999229907989502
0.9998819828033447
0.9999611377716064
0.038131553679704666
0.9995384216308594
0.9989355206489563
0.00011707865633070469
0.5388612747192383
0.9690735936164856
0.8096555471420288
0.0011692155385389924
0.9985867738723755
0.999946117401123
0.9980897307395935
0.009878973476588726
0.024309653788805008
0.9998418092727661
0.9152721166610718
0.9427235722541809
0.9888538122177124
0.999934196472168
0.9858464598655701
0.989063560962677
0.9985577464103699
0.9999550580978394
0.9994192123413086
1.604991302883718e-05
0.9277603030204773
1.6301612504321383e-06
0.6533626317977905
0.8060117959976196
5.528051042347215e-05
0.9999030828475952
0.987331211566925
2.9208378691691905e-05
0.9995903372764587
0.9997766613960266
0.9998194575309753
0.999731719493866
0.0017854125471785665
2.4816679342620773e-06
0.9998958110809326
0.9999895095825195
7.315309630939737e-06
0.00011271145922364667
0.061720073223114014
0.9997652173042297
0.9999628067016602
0.4115886986255646
0.6160891056060791
0.0036283608060330153
0.9945350885391235
0.9957640171051025
0.999795138835907
0.0003103938070125878
0.999992847442627
0.7681763172149658
0.0028500165790319443
0.9999756813049316
0.0004628534661605954
0.9994707703590393
0.9968666434288025
0.9996751546859741
0.0001565070851938799
0.9991689920425415
0.9993017911911011
0.03754504397511482
0.007646583020687103
0.9964346885681152
0.006627955008298159
0.9973022937774658
0.9999847412109375
0.002142776967957616
0.9999278783798218
0.9999827146530151
0.9999439716339111
0.057889875024557114
0.04197130352258682
0.9998303651809692
0.8408705592155457
0.0010353225516155362
0.00018133838602807373
0.9993270635604858
0.9999220371246338
0.9987682700157166
0.0005248879897408187
0.9907162189483643
0.9932390451431274
3.528491288307123e-05
0.9998075366020203
0.9999121427536011
0.9755052924156189
0.9991815686225891
0.9994644522666931
0.001922821276821196
0.9650618433952332
0.9472355246543884
0.9755324125289917
0.9998495578765869
0.013216601684689522
0.0001880299678305164
1.443792825739365e-06
0.99982088804245
0.9989751577377319
0.9993383288383484
0.005006297491490841
0.9078556299209595
0.9987138509750366
0.7987164258956909
0.9990243911743164
0.9899610280990601
0.9999053478240967
4.059720140503487e-06
0.9978713989257812
0.9994972944259644
0.9997584223747253
0.9999281167984009
0.9996888637542725
0.02675378881394863
0.9999803304672241
0.9700600504875183
0.994183361530304
0.931067168712616
0.9971651434898376
0.8804550766944885
0.9986575841903687
0.9999808073043823
0.9955724477767944
0.9999526739120483
0.9999163150787354
0.9980528354644775
0.9997979998588562
0.9992421865463257
0.9993396401405334
0.8333059549331665
0.9935908317565918
0.003024833742529154
0.6822038888931274
0.9658406376838684
0.999707043170929
0.9635940194129944
0.9998249411582947
0.6054071187973022
3.4390472137602046e-05
0.9999827146530151
5.741648237744812e-06
0.885172426700592
0.9999696016311646
0.8816192746162415
0.9945185780525208
0.9999018907546997
0.0157556664198637
0.9239253997802734
0.00018123707559425384
0.9655279517173767
0.9998165965080261
0.9998921155929565
0.991506040096283
0.9987630844116211
0.9997026324272156
0.9985553622245789
0.8262038230895996
0.9973666071891785
0.006940423045307398
0.46564072370529175
0.9989413619041443
0.9976170659065247
0.9992658495903015
0.9975491166114807
0.6629603505134583
0.9991500377655029
0.9998648166656494
0.9983737468719482
0.9978376030921936
0.0457848496735096
0.9999469518661499
0.999954342842102
0.996724545955658
3.869241481879726e-05
0.9967558979988098
0.9976292252540588
0.9931303858757019
0.9997614026069641
5.016419777348347e-07
0.9599289894104004
5.388505542214261e-06
0.967938244342804
0.9998071789741516
0.00963645987212658
0.9981696605682373
0.0653945729136467
0.9998965263366699
0.9987581968307495
0.9971139430999756
0.9994938373565674
0.9739193320274353
0.9999792575836182
0.9995834231376648
0.0048812576569616795
0.9999885559082031
0.9999634027481079
0.9998939037322998
0.999863862991333
0.0001965953706530854
0.9272206425666809
0.9854453206062317
0.9993108510971069
0.9897035956382751
0.9740159511566162
9.473811223870143e-05
0.9999233484268188
0.027232442051172256
0.9999450445175171
0.14540350437164307
0.12244781106710434
0.021376505494117737
0.998325526714325
0.0199067872017622
0.9999490976333618
0.9999672174453735
0.0673229843378067
0.9998899698257446
0.9999606609344482
0.9998267292976379
0.9613565802574158
0.993948221206665
0.9992602467536926
0.9997226595878601
0.5564124584197998
0.5576019883155823
0.9999165534973145
0.034400470554828644
0.09776590019464493
0.9999451637268066
0.9997498393058777
0.9978629946708679
5.078245158074424e-05
0.0016360825393348932
0.9996557235717773
0.23218600451946259
0.000103347709227819
0.9932233095169067
0.9988653659820557
0.99601811170578
0.0005229650414548814
0.9996703863143921
0.9988803267478943
0.45500677824020386
0.4036155641078949
0.9295763969421387
8.638572580821346e-06
0.9999680519104004
0.9989916682243347
0.9921314120292664
3.4165104807470925e-06
0.9999125003814697
0.9963577389717102
0.999288022518158
0.6335031986236572
0.9751304984092712
0.9997624754905701
0.9979851245880127
0.999714195728302
0.9995717406272888
0.99997878074646
0.9999474287033081
0.9784671068191528
0.9944185018539429
0.8881734609603882
0.9964960217475891
0.8547548651695251
0.9999769926071167
3.1570370992994867e-06
0.9991698265075684
0.9998201727867126
0.9997684359550476
0.9999817609786987
0.0007774471305310726
0.9694321751594543
0.20148922502994537
0.9324749708175659
0.013716480694711208
0.9996728897094727
0.9999783039093018
0.9979836940765381
0.9954524636268616
0.002781385090202093
0.9999741315841675
0.9969018697738647
0.9989902377128601
0.9967339038848877
0.9993541836738586
0.00015697306662332267
0.9876876473426819
0.22306585311889648
0.9795591831207275
0.9992673993110657
0.9989657402038574
0.2297995388507843
0.9989142417907715
0.9946898221969604
0.999771773815155
0.0007239649421535432
0.003031765576452017
0.9999924898147583
0.9897720217704773
0.0011926208389922976
8.929303294280544e-05
0.9995954632759094
4.180391988484189e-05
0.007318263407796621
0.01643913984298706
0.9900736808776855
0.9979262351989746
6.216196197783574e-05
0.4692286550998688
0.5531051754951477
0.9999880790710449
0.9993641972541809
0.9997280240058899
0.004586619324982166
0.9999309778213501
0.9970692992210388
6.068071797926677e-06
0.997405469417572
2.075391876132926e-06
0.9892224073410034
0.9998995065689087
8.964975131675601e-05
0.13182660937309265
0.9309607744216919
0.9998550415039062
0.9999916553497314
0.04912682622671127
0.01781162992119789
0.9957906603813171
0.9982855916023254
0.0013613324845209718
0.006586083676666021
0.9989782571792603
0.09983965009450912
0.6810405850410461
0.0008560458081774414
0.9997883439064026
0.9992122650146484
0.31871989369392395
0.9251964092254639
0.9987198114395142
0.9995526671409607
0.001981192734092474
0.12321298569440842
0.7742853760719299
0.9999692440032959
2.9066859497106634e-05
7.163162081269547e-06
0.9043467044830322
0.0010646280134096742
0.005985985044389963
0.9999631643295288
0.9999961853027344
0.9999884366989136
0.7746212482452393
0.9997386336326599
0.9997840523719788
0.9818611145019531
0.9998989105224609
0.9934037327766418
0.9453124403953552
0.9958382844924927
0.004808529280126095
0.9976836442947388
0.9990103244781494
0.9986371397972107
0.9999723434448242
0.0003614759480115026
0.9999531507492065
0.999916672706604
0.9994521737098694
0.08352156728506088
0.010701670311391354
0.004708980210125446
0.9995169639587402
0.9998371601104736
0.13744857907295227
0.0003532206465024501
0.2977021634578705
0.0886969342827797
0.9994487166404724
0.9949835538864136
0.9966841340065002
0.9994820952415466
0.0003311532491352409
0.9990386962890625
0.0001945399126270786
0.9998973608016968
0.1458277851343155
0.10224384814500809
0.15716680884361267
2.0198631318635307e-05
0.999736487865448
0.6778756380081177
0.3097808063030243
0.9989978671073914
0.9834363460540771
0.9998069405555725
0.9997696280479431
7.353030014201067e-06
0.8257887959480286
0.006888257805258036
0.9998302459716797
0.9999845027923584
0.9987369179725647
0.9997997879981995
0.9989315867424011
0.9882662892341614
0.9999234676361084
0.9999583959579468
0.9987882971763611
0.9999169111251831
0.9997896552085876
0.9230520129203796
4.211760460748337e-05
0.9995405673980713
7.625066064065322e-05
0.9888696670532227
0.9999744892120361
0.9999697208404541
0.9999709129333496
0.9999221563339233
0.003122426802292466
0.00046033223043195903
0.998582124710083
0.9990414977073669
0.022237736731767654
0.9982675313949585
0.9915493726730347
0.7852892279624939
0.9942605495452881
0.996667206287384
0.0001769223454175517
0.9819869995117188
0.0023446965496987104
0.0005921690608374774
0.9992376565933228
0.0008301293128170073
0.0003549795947037637
3.818635377683677e-06
0.9814496040344238
0.9999650716781616
0.999946117401123
1.8081938833347522e-05
0.9999524354934692
0.9999920129776001
0.9778858423233032
0.993884265422821
0.9970466494560242
0.9927525520324707
0.9997188448905945
0.7894282937049866
0.9997491240501404
1.5178370631474536e-05
0.9999368190765381
0.009934410452842712
0.7884240746498108
0.9997636675834656
0.9969090819358826
0.9988391995429993
0.9999862909317017
0.7246354818344116
0.9996634721755981
2.2318048650049604e-05
0.9914822578430176
0.9998887777328491
0.9618955254554749
0.9999760389328003
0.9950723052024841
0.9999186992645264
0.9997888207435608
0.9979658126831055
0.999691367149353
9.32732000364922e-05
0.9999725818634033
4.319553409004584e-05
0.9999662637710571
0.827343761920929
